0	93
0	136
0	311
0	312
0	445
0	468
0	554
0	620
2	3
2	62
2	115
2	143
2	209
2	268
2	321
3	2
3	6
3	166
4	11
4	32
4	215
4	426
5	12
5	419
5	473
6	3
6	8
6	10
6	31
6	76
6	154
6	311
6	445
6	449
6	487
6	489
6	585
7	62
7	298
8	6
8	10
8	105
8	152
8	155
8	166
8	407
8	554
9	23
9	30
9	426
10	6
10	8
10	30
10	32
10	215
10	268
10	298
10	426
10	476
11	4
11	16
11	52
11	153
11	154
11	187
11	218
11	335
11	402
11	426
11	529
11	541
11	604
12	5
12	13
12	15
12	47
12	53
12	57
12	205
12	245
12	246
12	352
12	500
13	12
13	15
13	493
14	34
14	50
14	52
14	167
14	296
14	298
14	426
14	445
15	12
15	13
15	44
15	476
15	659
16	11
16	61
16	177
16	426
16	445
17	82
17	440
18	44
18	166
18	168
18	335
18	344
18	435
18	446
18	554
18	563
18	589
19	213
19	250
21	118
23	9
23	83
23	260
23	309
23	345
23	496
24	26
24	107
24	109
24	132
24	206
24	265
25	609
25	622
26	24
26	27
26	206
26	478
26	517
26	558
26	626
27	26
27	180
27	309
27	347
27	550
28	67
29	357
29	368
29	370
29	472
29	538
29	655
30	9
30	10
30	227
30	230
30	253
30	322
30	335
30	426
30	449
30	511
30	516
30	604
31	6
31	52
31	144
31	177
31	268
31	271
31	298
32	4
32	10
32	306
32	335
32	402
32	426
32	541
33	246
34	14
34	659
35	298
36	38
36	131
36	143
36	213
36	250
36	253
36	286
37	246
37	476
37	493
38	36
38	142
38	209
38	216
38	254
39	264
40	85
40	125
40	225
40	358
40	470
41	346
41	359
42	359
42	500
43	112
44	15
44	18
45	87
47	12
47	53
48	85
48	324
49	61
49	78
49	268
50	14
50	62
51	52
51	426
51	447
51	554
51	563
52	11
52	14
52	31
52	51
52	154
52	159
52	167
52	174
52	268
52	335
52	402
52	417
52	426
52	435
52	543
53	12
53	47
53	57
53	65
53	352
53	476
55	537
56	360
57	12
57	53
57	64
57	476
57	493
60	359
61	16
61	49
61	62
61	95
61	141
61	221
61	279
61	295
62	2
62	7
62	50
62	61
62	143
62	249
62	251
62	320
62	542
63	66
64	57
64	110
65	53
65	246
66	63
66	367
67	28
67	122
68	144
68	203
68	402
68	426
71	81
71	632
73	247
74	144
75	98
75	99
75	251
75	252
76	6
76	304
76	312
76	384
76	446
77	99
77	100
77	315
77	506
77	542
78	49
78	101
78	105
78	223
78	451
79	417
79	544
81	71
81	281
81	600
82	17
82	534
82	560
83	23
83	345
83	513
84	442
85	40
85	48
85	247
85	278
85	355
85	470
86	317
87	45
87	103
90	250
91	181
91	236
92	99
92	112
92	186
92	468
93	0
93	177
93	290
93	445
93	486
93	585
94	218
94	230
94	250
94	319
94	486
95	61
95	140
95	269
95	530
96	230
96	269
96	467
96	520
97	197
97	250
97	290
97	315
98	75
98	186
98	218
98	330
98	336
98	353
98	405
98	447
98	540
99	75
99	77
99	92
99	233
99	252
99	285
99	294
100	77
100	111
100	169
100	182
100	187
100	209
100	217
100	236
100	265
100	331
100	417
100	541
101	78
101	253
101	269
101	311
101	312
101	313
101	329
101	331
101	486
101	487
101	490
101	509
103	87
103	538
104	520
105	8
105	78
105	143
105	194
105	228
105	233
105	241
105	270
106	120
106	154
106	203
106	451
106	518
107	24
107	347
108	154
108	158
108	404
108	511
109	24
109	119
109	122
109	578
110	64
111	100
111	136
111	182
111	183
111	290
111	505
111	521
112	43
112	92
112	250
112	268
112	271
112	286
112	291
112	353
112	462
113	185
113	236
113	254
114	143
115	2
115	159
115	230
118	21
118	555
118	605
118	606
119	109
119	499
119	655
119	660
120	106
120	155
120	167
120	204
120	516
120	555
121	606
121	615
122	67
122	109
122	359
122	502
125	40
126	148
126	591
128	373
128	504
128	609
130	431
131	36
132	24
132	137
132	177
132	315
132	479
133	440
133	517
133	599
136	0
136	111
137	132
137	274
137	547
137	549
137	595
137	631
140	95
140	232
140	530
141	61
141	146
141	160
141	166
141	172
141	174
141	177
142	38
142	155
142	176
142	216
142	426
143	2
143	36
143	62
143	105
143	114
143	174
143	450
144	31
144	68
144	74
144	183
145	159
145	241
145	562
146	141
146	153
146	172
146	173
146	279
148	126
148	234
148	375
148	516
148	542
148	565
149	150
149	157
149	204
149	565
150	149
150	154
150	158
150	173
150	175
150	298
151	222
151	341
151	466
152	8
152	268
152	334
152	450
152	451
152	516
153	11
153	146
153	154
153	402
153	540
153	604
154	6
154	11
154	52
154	106
154	108
154	150
154	153
154	157
154	172
154	173
154	230
154	466
154	508
155	8
155	120
155	142
155	565
156	234
156	451
157	149
157	154
157	203
157	218
157	340
157	450
158	108
158	150
158	159
159	52
159	115
159	145
159	158
159	176
159	466
159	604
160	141
160	375
160	450
160	512
166	3
166	8
166	18
166	141
166	169
166	406
167	14
167	52
167	120
167	182
167	218
167	221
167	402
167	417
167	445
167	487
167	528
168	18
168	271
168	305
168	445
168	446
169	100
169	166
169	177
169	276
169	279
169	335
169	445
169	554
172	141
172	146
172	154
172	173
172	230
172	398
172	466
172	512
173	146
173	150
173	154
173	172
173	449
173	512
173	565
174	52
174	141
174	143
174	176
174	213
174	529
175	150
176	142
176	159
176	174
176	269
176	298
176	451
177	16
177	31
177	93
177	132
177	141
177	169
177	233
177	285
177	304
177	305
177	435
177	445
177	468
177	554
178	520
178	538
179	278
180	27
180	309
180	324
181	91
181	219
181	236
181	286
181	295
182	100
182	111
182	167
182	183
182	184
182	209
182	254
182	268
182	286
182	394
182	462
182	486
182	527
183	111
183	144
183	182
183	184
183	185
183	189
183	236
183	374
183	394
183	486
183	525
184	182
184	183
184	185
184	187
184	525
184	528
185	113
185	183
185	184
185	214
185	236
186	92
186	98
186	209
187	11
187	100
187	184
187	526
188	298
189	183
192	388
193	197
193	252
194	105
195	270
196	349
196	368
196	395
196	458
196	483
196	549
196	609
196	610
196	630
196	654
197	97
197	193
197	204
197	209
198	656
199	264
199	275
199	356
199	580
199	609
199	610
199	622
199	632
199	655
201	227
201	250
201	328
202	246
203	68
203	106
203	157
203	241
203	353
203	376
203	378
203	386
203	451
203	508
203	517
204	120
204	149
204	197
204	241
205	12
206	24
206	26
209	2
209	38
209	100
209	182
209	186
209	197
209	213
211	362
211	395
211	478
211	614
211	644
212	257
212	338
212	383
212	390
212	637
213	19
213	36
213	174
213	209
213	223
213	224
213	230
213	250
213	308
213	322
213	328
213	329
213	332
213	334
213	337
214	185
214	252
215	4
215	10
215	244
215	265
215	419
215	420
215	421
215	422
215	424
216	38
216	142
217	100
217	526
217	542
218	11
218	94
218	98
218	157
218	167
218	221
218	222
218	227
218	230
218	268
218	308
218	319
218	371
218	409
218	486
219	181
219	445
220	346
221	61
221	167
221	218
221	222
221	254
221	268
221	322
221	486
221	522
221	528
221	530
221	541
222	151
222	218
222	221
222	305
222	332
222	341
223	78
223	213
223	250
224	213
224	232
224	250
224	251
224	315
224	542
225	40
226	252
227	30
227	201
227	218
227	333
227	353
227	371
227	486
228	105
228	253
228	304
228	506
228	526
229	394
230	30
230	94
230	96
230	115
230	154
230	172
230	213
230	218
230	353
231	347
231	511
231	516
231	518
232	140
232	224
232	233
232	293
232	336
232	371
233	99
233	105
233	177
233	232
233	252
233	585
234	148
234	156
234	276
234	304
234	305
234	308
234	452
235	337
235	394
235	542
236	91
236	100
236	113
236	181
236	183
236	185
236	286
236	295
236	308
236	337
236	376
236	388
236	462
237	384
237	516
238	250
241	105
241	145
241	203
241	204
242	281
244	215
244	261
245	12
245	476
246	12
246	33
246	37
246	65
246	202
246	392
246	399
246	476
247	73
247	85
247	365
247	419
247	423
247	424
247	654
249	62
249	250
249	251
249	315
250	19
250	36
250	90
250	94
250	97
250	112
250	201
250	213
250	223
250	224
250	238
250	249
250	251
250	269
250	285
250	291
250	292
250	294
250	315
250	320
250	332
250	337
250	407
250	408
250	412
250	542
251	62
251	75
251	224
251	249
251	250
251	315
251	409
251	506
251	542
252	75
252	99
252	193
252	214
252	226
252	233
252	374
252	505
252	530
253	30
253	36
253	101
253	228
253	507
253	525
254	38
254	113
254	182
254	221
254	524
254	526
256	257
257	212
257	256
260	23
261	244
261	425
264	39
264	199
264	460
265	24
265	100
265	215
265	419
265	455
268	2
268	10
268	31
268	49
268	52
268	112
268	152
268	182
268	218
268	221
268	271
268	319
268	394
268	417
268	486
268	522
268	525
268	528
268	530
268	541
268	543
268	583
268	585
269	95
269	96
269	101
269	176
269	250
269	313
269	331
269	438
269	487
270	105
270	195
271	31
271	112
271	168
271	268
271	298
271	305
271	353
271	446
272	570
273	504
273	609
273	660
274	137
274	439
274	549
274	631
275	199
276	169
276	234
276	305
276	426
277	324
278	85
278	179
278	551
279	61
279	146
279	169
281	81
281	242
281	503
282	365
283	410
283	424
283	483
283	640
284	345
284	348
284	471
284	621
284	630
284	631
285	99
285	177
285	250
286	36
286	112
286	181
286	182
286	236
286	294
286	400
288	440
289	610
290	93
290	97
290	111
290	468
291	112
291	250
291	315
292	250
292	294
292	315
292	523
292	542
293	232
293	304
293	497
293	602
294	99
294	250
294	286
294	292
294	315
294	523
294	542
295	61
295	181
295	236
295	331
296	14
296	520
297	400
297	506
297	511
297	512
298	7
298	10
298	14
298	31
298	35
298	150
298	176
298	188
298	271
298	312
298	331
298	406
298	429
298	438
298	469
298	507
298	620
299	366
300	356
300	423
300	483
300	545
300	654
301	487
302	496
304	76
304	177
304	228
304	234
304	293
304	403
304	542
304	589
305	168
305	177
305	222
305	234
305	271
305	276
305	337
305	360
305	434
305	435
305	445
305	530
305	541
305	564
306	32
306	508
308	213
308	218
308	234
308	236
308	542
309	23
309	27
309	180
309	326
310	536
311	0
311	6
311	101
311	486
312	0
312	76
312	101
312	298
312	415
312	528
312	540
313	101
313	269
314	633
315	77
315	97
315	132
315	224
315	249
315	250
315	251
315	291
315	292
315	294
315	523
315	542
317	86
317	445
319	94
319	218
319	268
320	62
320	250
320	542
321	2
321	402
322	30
322	213
322	221
322	516
323	402
323	528
323	529
324	48
324	180
324	277
325	419
325	420
326	309
326	359
328	201
328	213
328	451
329	101
329	213
329	486
330	98
331	100
331	101
331	269
331	295
331	298
331	415
331	417
331	429
331	487
331	527
332	213
332	222
332	250
332	341
332	407
332	412
332	508
333	227
334	152
334	213
334	585
335	11
335	18
335	30
335	32
335	52
335	169
335	344
335	445
335	446
335	554
335	589
336	98
336	232
336	353
337	213
337	235
337	236
337	250
337	305
337	375
337	451
338	212
340	157
340	371
340	582
341	151
341	222
341	332
341	518
342	345
343	548
344	18
344	335
345	23
345	83
345	284
345	342
346	41
346	220
346	347
346	425
347	27
347	107
347	231
347	346
347	368
347	425
347	532
348	284
348	621
349	196
349	350
349	515
349	546
349	575
349	630
349	652
349	654
349	655
350	349
350	355
350	441
350	546
350	557
350	588
350	609
350	610
350	616
350	622
350	624
350	627
350	635
351	356
351	537
351	609
351	612
351	645
351	660
352	12
352	53
353	98
353	112
353	203
353	227
353	230
353	271
353	336
353	516
353	526
355	85
355	350
355	478
355	537
355	588
355	616
355	644
356	199
356	300
356	351
356	500
356	578
356	626
357	29
357	392
358	40
358	372
359	41
359	42
359	60
359	122
359	326
360	56
360	305
360	363
361	600
361	605
362	211
362	401
362	455
362	464
362	492
362	644
363	360
363	515
363	660
364	407
365	247
365	282
365	395
365	654
366	299
366	533
366	569
366	573
367	66
368	29
368	196
368	347
368	413
370	29
370	472
371	218
371	227
371	232
371	340
371	450
372	358
373	128
373	501
373	609
374	183
374	252
375	148
375	160
375	337
375	581
376	203
376	236
378	203
378	449
378	561
379	380
379	562
379	564
380	379
380	402
383	212
383	596
384	76
384	237
384	385
384	530
384	540
385	384
386	203
386	435
386	455
388	192
388	236
388	641
390	212
391	484
392	246
392	357
394	182
394	183
394	229
394	235
394	268
394	462
395	196
395	211
395	365
395	555
395	609
395	610
395	626
395	630
395	654
395	655
395	660
397	449
397	589
398	172
398	565
398	591
398	657
399	246
399	437
400	286
400	297
400	509
400	511
400	512
401	362
401	455
401	458
401	496
401	548
402	11
402	32
402	52
402	68
402	153
402	167
402	321
402	323
402	380
402	417
402	426
402	529
402	543
402	582
402	583
402	585
402	604
403	304
403	434
404	108
404	562
405	98
406	166
406	298
406	407
406	488
406	497
407	8
407	250
407	332
407	364
407	406
407	497
408	250
408	409
409	218
409	251
409	408
410	283
410	421
410	545
412	250
412	332
413	368
413	468
415	312
415	331
415	657
417	52
417	79
417	100
417	167
417	268
417	331
417	402
417	526
417	541
417	543
417	582
417	583
419	5
419	215
419	247
419	265
419	325
419	472
419	550
419	578
420	215
420	325
421	215
421	410
421	545
422	215
423	247
423	300
423	424
424	215
424	247
424	283
424	423
424	640
425	261
425	346
425	347
425	578
426	4
426	9
426	10
426	11
426	14
426	16
426	30
426	32
426	51
426	52
426	68
426	142
426	276
426	402
426	529
426	543
426	585
426	604
429	298
429	331
429	445
429	591
431	130
432	596
434	305
434	403
435	18
435	52
435	177
435	305
435	386
435	445
435	446
435	563
435	589
437	399
437	610
437	630
437	655
438	269
438	298
439	274
439	549
440	17
440	133
440	288
440	551
440	580
441	350
441	443
441	616
442	84
442	630
443	441
443	626
443	645
445	0
445	6
445	14
445	16
445	93
445	167
445	168
445	169
445	177
445	219
445	305
445	317
445	335
445	429
445	435
445	446
445	449
445	468
445	487
445	554
445	589
446	18
446	76
446	168
446	271
446	335
446	435
446	445
447	51
447	98
449	6
449	30
449	173
449	378
449	397
449	445
449	454
449	486
449	487
450	143
450	152
450	157
450	160
450	371
450	451
450	517
450	565
451	78
451	106
451	152
451	156
451	176
451	203
451	328
451	337
451	450
451	453
451	486
451	517
452	234
453	451
454	449
454	487
455	265
455	362
455	386
455	401
455	458
455	464
456	496
457	614
458	196
458	401
458	455
458	550
460	264
461	483
462	112
462	182
462	236
462	394
464	362
464	455
464	473
466	151
466	154
466	159
466	172
467	96
468	0
468	92
468	177
468	290
468	413
468	445
468	487
468	554
469	298
469	512
470	40
470	85
471	284
472	29
472	370
472	419
473	5
473	464
473	496
474	478
474	502
476	10
476	15
476	37
476	53
476	57
476	245
476	246
478	26
478	211
478	355
478	474
478	547
478	549
478	595
478	630
478	645
479	132
479	516
482	616
483	196
483	283
483	300
483	461
483	501
483	654
483	656
484	391
486	93
486	94
486	101
486	182
486	183
486	218
486	221
486	227
486	268
486	311
486	329
486	449
486	451
486	489
486	506
486	507
487	6
487	101
487	167
487	269
487	301
487	331
487	445
487	449
487	454
487	468
487	488
487	554
487	591
488	406
488	487
488	591
489	6
489	486
490	101
490	657
492	362
492	615
492	635
493	13
493	37
493	57
494	496
494	501
496	23
496	302
496	401
496	456
496	473
496	494
496	534
497	293
497	406
497	407
497	602
499	119
499	612
499	622
499	655
499	660
500	12
500	42
500	356
500	555
500	580
501	373
501	483
501	494
501	597
501	600
501	621
501	624
501	639
501	645
501	654
502	122
502	474
503	281
504	128
504	273
505	111
505	252
506	77
506	228
506	251
506	297
506	486
506	525
506	526
507	253
507	298
507	486
507	508
508	154
508	203
508	306
508	332
508	507
508	512
509	101
509	400
509	512
511	30
511	108
511	231
511	297
511	400
511	516
512	160
512	172
512	173
512	297
512	400
512	469
512	508
512	509
512	565
512	602
513	83
513	618
514	569
515	349
515	363
515	579
515	630
516	30
516	120
516	148
516	152
516	231
516	237
516	322
516	353
516	479
516	511
517	26
517	133
517	203
517	450
517	451
517	598
518	106
518	231
518	341
520	96
520	104
520	178
520	296
520	538
521	111
522	221
522	268
523	292
523	294
523	315
524	254
525	183
525	184
525	253
525	268
525	506
525	526
525	530
526	187
526	217
526	228
526	254
526	353
526	417
526	506
526	525
527	182
527	331
528	167
528	184
528	221
528	268
528	312
528	323
528	583
529	11
529	174
529	323
529	402
529	426
530	95
530	140
530	221
530	252
530	268
530	305
530	384
530	525
530	601
532	347
533	366
534	82
534	496
534	560
534	580
536	310
537	55
537	351
537	355
537	640
538	29
538	103
538	178
538	520
540	98
540	153
540	312
540	384
541	11
541	32
541	100
541	221
541	268
541	305
541	417
542	62
542	77
542	148
542	217
542	224
542	235
542	250
542	251
542	292
542	294
542	304
542	308
542	315
542	320
543	52
543	268
543	402
543	417
543	426
544	79
545	300
545	410
545	421
545	626
546	349
546	350
546	609
547	137
547	478
547	595
548	343
548	401
549	137
549	196
549	274
549	439
549	478
549	610
549	627
550	27
550	419
550	458
550	595
551	278
551	440
554	0
554	8
554	18
554	51
554	169
554	177
554	335
554	445
554	468
554	487
554	563
554	589
555	118
555	120
555	395
555	500
557	350
558	26
558	559
559	558
560	82
560	534
560	579
560	595
560	632
561	378
562	145
562	379
562	404
563	18
563	51
563	435
563	554
564	305
564	379
565	148
565	149
565	155
565	173
565	398
565	450
565	512
569	366
569	514
570	272
573	366
575	349
578	109
578	356
578	419
578	425
579	515
579	560
579	580
579	640
580	199
580	440
580	500
580	534
580	579
580	632
581	375
582	340
582	402
582	417
583	268
583	402
583	417
583	528
583	604
585	6
585	93
585	233
585	268
585	334
585	402
585	426
588	350
588	355
588	624
588	627
589	18
589	304
589	335
589	397
589	435
589	445
589	554
591	126
591	398
591	429
591	487
591	488
595	137
595	478
595	547
595	550
595	560
596	383
596	432
596	610
597	501
598	517
599	133
599	640
600	81
600	361
600	501
600	645
601	530
602	293
602	497
602	512
604	11
604	30
604	153
604	159
604	402
604	426
604	583
605	118
605	361
605	639
606	118
606	121
609	25
609	128
609	196
609	199
609	273
609	350
609	351
609	373
609	395
609	546
609	610
609	622
609	642
609	655
610	196
610	199
610	289
610	350
610	395
610	437
610	549
610	596
610	609
610	654
611	621
611	651
612	351
612	499
612	645
612	660
613	639
613	656
614	211
614	457
614	630
615	121
615	492
616	350
616	355
616	441
616	482
618	513
620	0
620	298
620	657
621	284
621	348
621	501
621	611
621	638
622	25
622	199
622	350
622	499
622	609
624	350
624	501
624	588
624	626
624	627
624	630
624	635
626	26
626	356
626	395
626	443
626	545
626	624
627	350
627	549
627	588
627	624
630	196
630	284
630	349
630	395
630	437
630	442
630	478
630	515
630	614
630	624
630	651
630	654
630	655
631	137
631	274
631	284
632	71
632	199
632	560
632	580
633	314
635	350
635	492
635	624
635	652
637	212
638	621
639	501
639	605
639	613
639	656
640	283
640	424
640	537
640	579
640	599
641	388
642	609
644	211
644	355
644	362
644	655
645	351
645	443
645	478
645	501
645	600
645	612
645	660
651	611
651	630
652	349
652	635
654	196
654	247
654	300
654	349
654	365
654	395
654	483
654	501
654	610
654	630
654	655
655	29
655	119
655	199
655	349
655	395
655	437
655	499
655	609
655	630
655	644
655	654
655	660
656	198
656	483
656	613
656	639
657	398
657	415
657	490
657	620
659	15
659	34
660	119
660	273
660	351
660	363
660	395
660	499
660	612
660	645
660	655
