0	136
0	163
0	313
0	411
0	428
0	468
0	487
0	554
0	657
2	36
2	38
2	62
2	115
2	117
2	142
2	209
3	8
3	10
3	43
3	298
4	6
4	13
4	14
4	44
4	116
5	14
5	54
5	419
6	4
6	11
6	61
6	76
6	429
6	487
7	35
7	268
7	271
8	3
8	10
8	14
8	35
8	51
8	62
8	149
8	157
8	251
8	317
8	332
8	335
8	344
8	407
8	445
8	554
9	10
9	14
9	23
9	30
9	157
9	174
9	333
9	516
10	3
10	8
10	9
10	11
10	14
10	30
10	35
10	51
10	78
10	108
10	153
10	155
10	159
10	268
10	298
10	404
10	406
10	511
10	604
11	6
11	10
11	16
11	49
11	52
11	156
11	172
11	173
11	203
11	215
11	218
11	268
11	286
11	323
11	336
11	417
11	449
11	452
11	466
11	524
11	539
11	587
11	604
12	13
12	47
12	53
12	54
12	57
12	65
12	104
12	205
12	246
12	356
12	392
12	500
13	4
13	12
13	15
13	33
13	57
13	205
13	245
13	246
14	4
14	5
14	8
14	9
14	10
14	30
14	32
14	34
14	35
14	50
14	51
14	62
14	78
14	104
14	150
14	172
14	296
14	298
14	311
14	429
14	445
14	467
15	13
15	33
15	35
15	47
15	65
15	205
15	245
15	246
15	476
15	500
16	11
16	141
16	305
16	445
16	554
17	133
17	440
17	496
18	44
18	64
18	435
18	554
18	563
19	36
19	38
19	253
19	320
19	628
20	112
21	23
21	25
21	260
21	264
21	345
21	370
22	45
22	123
22	278
23	9
23	21
23	260
23	324
23	345
24	26
24	47
24	265
25	21
25	370
25	637
26	24
26	109
26	309
26	421
27	309
27	342
27	474
27	550
28	67
29	357
29	418
29	475
29	538
29	566
30	9
30	10
30	14
30	52
30	106
30	120
30	151
30	154
30	157
30	161
30	227
30	230
30	231
30	253
30	268
30	311
30	319
30	335
30	340
30	429
30	454
30	486
30	489
30	511
30	516
30	533
30	554
30	563
30	604
31	268
31	276
32	14
32	95
32	364
33	13
33	15
33	58
33	65
33	246
34	14
34	54
34	58
34	62
34	104
34	467
34	659
35	7
35	8
35	10
35	14
35	15
35	37
35	62
35	245
35	429
35	467
35	477
35	659
36	2
36	19
36	38
36	62
36	97
36	111
36	112
36	143
36	253
36	286
36	292
36	294
37	35
37	493
37	658
38	2
38	19
38	36
38	41
38	62
38	97
38	142
38	143
38	147
38	200
38	209
38	216
38	234
38	249
38	251
38	254
39	122
39	262
39	264
41	38
41	346
41	372
42	273
42	500
43	3
43	62
43	78
43	112
44	4
44	18
45	22
46	606
47	12
47	15
47	24
47	57
47	246
49	11
49	54
50	14
50	112
51	8
51	10
51	14
51	153
51	177
51	279
51	344
51	404
51	604
52	11
52	30
52	154
52	335
53	12
53	54
53	57
53	500
54	5
54	12
54	34
54	49
54	53
54	467
54	659
55	110
56	361
56	432
57	12
57	13
57	47
57	53
57	64
57	103
57	205
57	245
57	246
57	476
57	477
57	493
57	500
57	659
58	33
58	34
58	202
58	206
58	246
58	598
58	659
61	6
61	111
61	141
62	2
62	8
62	14
62	34
62	35
62	36
62	38
62	43
62	97
62	112
62	143
62	249
62	250
62	251
62	294
62	295
62	315
62	320
62	466
63	153
63	311
64	18
64	57
64	87
64	110
64	475
65	12
65	15
65	33
65	103
65	246
65	392
65	475
66	110
67	28
67	122
69	515
71	80
71	81
71	632
72	336
72	409
72	527
74	144
74	480
75	99
75	213
76	6
76	186
76	317
76	384
76	530
78	10
78	14
78	43
78	101
78	105
78	112
78	136
78	223
79	101
79	144
79	175
79	209
79	236
79	276
79	321
79	389
79	526
79	544
80	71
80	127
80	373
81	71
81	281
81	600
82	534
82	560
83	198
83	206
83	345
83	513
84	442
84	568
85	247
85	278
85	470
86	98
86	317
86	542
87	64
87	103
87	246
87	275
87	475
87	538
88	138
88	491
89	116
90	218
90	248
90	250
90	293
90	311
90	495
91	94
91	117
91	181
91	236
91	286
91	290
91	292
91	294
91	295
91	522
92	95
92	111
92	112
92	144
92	186
92	219
92	221
92	468
93	97
93	253
94	91
94	157
94	227
94	230
94	252
94	319
95	32
95	92
95	99
95	140
95	252
95	530
96	209
96	253
97	36
97	38
97	62
97	93
97	106
97	147
97	184
97	186
97	187
97	251
97	290
97	294
97	377
97	403
97	522
97	524
97	525
97	527
97	528
98	86
98	144
98	235
98	336
98	353
98	447
98	523
98	540
99	75
99	95
99	101
99	233
99	285
99	294
99	429
100	111
100	331
100	417
101	78
101	79
101	99
101	136
101	140
101	269
101	311
101	313
101	382
101	487
103	57
103	65
103	87
103	178
103	273
103	339
103	520
103	538
103	658
104	12
104	14
104	34
105	78
105	149
105	226
105	516
106	30
106	97
106	203
106	204
106	294
106	320
106	332
106	348
106	412
108	10
108	141
108	142
108	145
108	150
108	155
108	157
108	159
108	172
108	173
108	226
108	227
108	344
108	404
108	427
108	466
108	511
108	516
109	26
109	122
109	578
109	653
110	55
110	64
110	66
111	36
111	61
111	92
111	100
111	151
111	182
111	183
111	188
111	190
111	218
111	251
111	253
111	268
111	308
111	468
111	505
111	521
111	528
112	20
112	36
112	43
112	50
112	62
112	78
112	92
112	181
112	186
112	252
112	255
112	286
112	353
112	462
112	542
113	306
113	397
113	462
114	143
114	227
114	307
115	2
115	159
115	227
115	230
115	466
115	604
116	4
116	89
117	2
117	91
117	223
117	251
117	286
117	292
117	403
117	524
118	555
119	424
119	499
119	655
119	660
120	30
120	126
120	155
120	157
120	335
120	516
120	538
120	555
121	432
121	555
121	607
121	615
122	39
122	67
122	109
122	359
122	360
123	22
126	120
126	591
127	80
127	128
127	373
127	610
128	127
128	263
128	504
128	556
128	613
128	662
132	137
132	263
132	479
133	17
133	440
133	552
135	378
135	380
135	593
136	0
136	78
136	101
136	167
136	182
136	209
136	312
136	319
136	329
136	394
136	429
136	490
136	519
137	132
137	204
137	410
137	547
137	549
137	551
137	614
137	617
137	631
138	88
138	491
140	95
140	101
140	232
140	316
140	382
141	16
141	61
141	108
141	142
141	146
141	150
141	153
141	155
141	159
141	160
141	166
141	172
141	173
141	175
141	176
141	177
142	2
142	38
142	108
142	141
142	150
142	155
142	175
142	215
142	216
143	36
143	38
143	62
143	114
144	74
144	79
144	92
144	98
144	235
144	236
144	251
144	254
144	276
144	295
144	434
144	542
144	586
145	108
145	155
145	159
145	175
145	176
145	241
145	453
145	510
145	562
146	141
146	163
146	173
146	319
147	38
147	97
147	250
148	375
148	542
149	8
149	105
149	150
149	153
149	156
149	157
149	163
149	172
149	173
149	175
149	176
149	194
149	251
149	279
149	466
149	539
149	565
150	14
150	108
150	141
150	142
150	149
150	157
150	158
150	163
150	173
150	175
150	191
150	298
150	371
150	378
150	380
150	469
150	529
150	593
150	628
151	30
151	111
151	157
151	172
151	173
151	203
151	222
151	316
151	341
151	371
151	466
152	161
152	163
152	226
152	231
152	269
152	322
152	332
152	334
152	511
152	516
153	10
153	51
153	63
153	141
153	149
153	154
153	157
153	158
153	163
153	173
153	466
153	604
154	30
154	52
154	153
154	232
155	10
155	108
155	120
155	141
155	142
155	145
155	159
155	161
155	175
155	450
155	516
155	519
155	554
155	565
155	598
156	11
156	149
156	226
156	233
156	336
156	452
157	8
157	9
157	30
157	94
157	108
157	120
157	149
157	150
157	151
157	153
157	158
157	173
157	174
157	175
157	203
157	218
157	223
157	279
157	336
157	386
157	466
157	539
157	619
158	150
158	153
158	157
158	159
158	170
158	240
158	438
159	10
159	108
159	115
159	141
159	145
159	155
159	158
159	166
159	175
159	177
159	466
159	604
160	141
160	165
160	172
160	173
160	192
160	306
160	332
160	406
160	412
160	450
160	512
161	30
161	152
161	155
161	192
161	223
162	165
162	170
162	174
163	0
163	146
163	149
163	150
163	152
163	153
163	371
163	465
163	466
164	477
165	160
165	162
165	192
165	452
165	584
165	661
166	141
166	159
166	406
166	554
167	136
167	174
167	182
167	222
167	323
167	417
167	445
167	487
167	528
168	251
168	317
168	335
168	393
168	435
168	445
168	447
168	554
169	335
169	414
169	445
169	554
170	158
170	162
170	176
170	312
170	452
170	519
170	528
171	178
171	389
172	11
172	14
172	108
172	141
172	149
172	151
172	160
172	173
172	230
172	254
172	336
172	353
172	398
172	414
172	452
172	466
172	508
172	512
172	539
172	586
173	11
173	108
173	141
173	146
173	149
173	150
173	151
173	153
173	157
173	160
173	172
173	174
173	251
173	371
173	380
173	449
173	508
174	9
174	157
174	162
174	167
174	173
175	79
175	141
175	142
175	145
175	149
175	150
175	155
175	157
175	159
175	511
175	628
176	141
176	145
176	149
176	170
176	269
176	298
177	51
177	141
177	159
177	233
177	285
177	317
177	335
177	344
177	353
177	434
177	435
177	445
177	449
177	468
177	554
178	103
178	171
178	341
178	389
178	538
178	641
178	661
179	200
179	345
180	572
181	91
181	112
181	219
181	286
181	524
181	527
182	111
182	136
182	167
182	183
182	185
182	187
182	189
182	190
182	209
182	218
182	268
182	286
182	394
182	462
182	522
182	528
183	111
183	182
183	184
183	189
183	394
184	97
184	183
184	190
184	286
184	525
185	182
185	186
186	76
186	92
186	97
186	112
186	185
186	209
186	251
186	254
186	321
186	523
186	524
186	525
187	97
187	182
187	209
187	524
188	111
188	353
189	182
189	183
190	111
190	182
190	184
190	462
190	530
191	150
192	160
192	161
192	165
192	388
192	412
193	224
193	227
193	252
193	315
193	336
193	511
194	149
194	241
194	294
194	409
194	539
195	237
195	270
195	298
195	403
195	511
195	518
196	368
196	395
196	442
196	458
196	532
196	547
196	549
196	654
197	209
198	83
198	351
198	568
198	588
198	613
198	626
198	656
199	275
199	456
199	500
199	566
199	609
199	622
200	38
200	179
201	227
201	250
201	251
201	328
201	406
202	58
202	246
203	11
203	106
203	151
203	157
203	353
203	386
203	387
203	393
203	587
204	106
204	137
204	661
205	12
205	13
205	15
205	57
206	58
206	83
207	211
207	418
208	209
208	227
209	2
209	38
209	79
209	96
209	136
209	182
209	186
209	187
209	197
209	208
209	216
209	525
209	527
211	207
211	644
212	257
212	338
212	339
212	390
213	75
213	222
213	230
213	332
214	374
215	11
215	142
216	38
216	142
216	209
216	393
216	406
218	11
218	90
218	111
218	157
218	182
218	221
218	227
218	248
218	319
218	371
218	486
218	505
219	92
219	181
220	558
221	92
221	218
221	528
222	151
222	167
222	213
222	223
222	294
222	316
222	332
222	447
222	522
222	530
223	78
223	117
223	157
223	161
223	222
223	226
224	193
224	232
224	249
224	250
224	315
224	542
226	105
226	108
226	152
226	156
226	223
226	228
226	251
226	252
226	253
226	307
226	316
226	332
226	336
226	506
226	516
227	30
227	94
227	108
227	114
227	115
227	193
227	201
227	208
227	218
227	241
227	253
227	258
227	319
227	338
227	353
227	371
228	226
228	231
228	253
228	511
228	525
228	526
229	231
229	394
230	30
230	94
230	115
230	172
230	213
230	371
231	30
231	152
231	228
231	229
231	511
231	516
231	525
232	140
232	154
232	224
232	371
232	409
232	438
232	497
232	527
233	99
233	156
233	177
233	252
233	336
233	585
234	38
234	276
234	317
234	336
234	344
234	393
234	434
234	452
235	98
235	144
235	236
235	295
235	306
235	394
236	79
236	91
236	144
236	235
236	286
237	195
237	269
237	384
237	411
237	462
237	516
238	285
238	336
238	376
239	512
240	158
240	269
240	619
241	145
241	194
241	227
241	516
241	524
242	281
243	354
243	547
243	556
245	13
245	15
245	35
245	57
245	246
246	12
246	13
246	15
246	33
246	47
246	57
246	58
246	65
246	87
246	202
246	245
246	357
246	392
246	475
246	476
246	500
247	85
247	278
247	423
248	90
248	218
249	38
249	62
249	224
249	250
249	251
249	292
250	62
250	90
250	147
250	201
250	224
250	249
250	294
250	408
251	8
251	38
251	62
251	97
251	111
251	117
251	144
251	149
251	168
251	173
251	186
251	201
251	226
251	249
251	292
251	294
251	329
251	393
251	408
251	409
251	524
252	94
252	95
252	112
252	193
252	226
252	233
252	353
252	374
253	19
253	30
253	36
253	93
253	96
253	111
253	226
253	227
253	228
253	269
253	286
253	311
253	331
253	429
253	507
253	510
253	511
253	525
254	38
254	144
254	172
254	186
254	286
254	525
255	112
256	338
256	566
257	212
257	339
258	227
258	324
260	21
260	23
260	370
261	425
262	39
262	270
262	410
263	128
263	132
263	422
263	556
263	557
263	656
263	662
264	21
264	39
264	460
264	493
264	567
264	612
265	24
265	267
265	323
265	419
265	421
265	455
267	265
268	7
268	10
268	11
268	30
268	31
268	111
268	182
268	271
268	319
268	321
268	394
268	417
268	434
268	505
268	526
268	583
269	101
269	152
269	176
269	237
269	240
269	253
269	313
269	411
269	487
269	489
269	490
270	195
270	262
271	7
271	268
271	305
271	306
271	335
271	353
272	354
272	373
272	459
272	460
272	650
273	42
273	103
273	609
275	87
275	199
275	481
276	31
276	79
276	144
276	234
276	344
276	393
276	434
277	324
278	22
278	85
278	247
278	551
279	51
279	149
279	157
279	378
279	449
279	539
281	81
281	242
282	471
283	300
283	423
283	424
283	597
284	345
284	348
285	99
285	177
285	238
285	332
285	344
285	412
285	468
286	11
286	36
286	91
286	112
286	117
286	181
286	182
286	184
286	236
286	253
286	254
286	292
286	294
286	295
286	319
286	462
286	565
287	403
288	373
288	533
288	575
289	629
290	91
290	97
290	468
290	521
291	294
291	403
292	36
292	91
292	117
292	249
292	251
292	286
292	294
292	523
292	527
292	542
293	90
293	304
293	497
293	602
294	36
294	62
294	91
294	97
294	99
294	106
294	194
294	222
294	250
294	251
294	286
294	291
294	292
294	523
295	62
295	91
295	144
295	235
295	286
295	296
295	316
296	14
296	295
296	659
297	400
297	445
297	468
297	506
297	511
298	3
298	10
298	14
298	150
298	176
298	195
298	329
298	339
298	429
298	438
298	469
298	489
299	470
299	501
299	567
300	283
300	392
300	651
300	655
301	311
301	389
301	454
301	490
301	511
301	657
304	293
304	589
305	16
305	271
305	335
305	374
305	393
305	541
305	563
305	577
306	113
306	160
306	235
306	271
306	308
306	393
306	508
307	114
307	226
307	521
308	111
308	306
308	477
308	526
309	26
309	27
309	342
310	536
311	14
311	30
311	63
311	90
311	101
311	253
311	301
311	329
311	415
311	429
311	487
311	583
311	591
312	136
312	170
312	320
312	382
312	384
312	415
312	487
313	0
313	101
313	269
314	339
314	532
314	593
314	633
314	648
315	62
315	193
315	224
315	377
316	140
316	151
316	222
316	226
316	295
316	329
317	8
317	76
317	86
317	168
317	177
317	234
317	344
317	393
317	434
317	445
317	446
317	583
319	30
319	94
319	136
319	146
319	218
319	227
319	268
319	286
319	337
319	429
319	466
319	522
320	19
320	62
320	106
320	312
320	429
321	79
321	186
321	268
321	396
321	402
321	522
321	528
321	582
321	583
322	152
322	375
322	516
323	11
323	167
323	265
323	333
323	528
323	604
324	23
324	258
324	277
325	474
325	551
326	410
327	455
327	456
327	567
327	647
327	649
328	201
329	136
329	251
329	298
329	311
329	316
329	406
329	411
329	516
331	100
331	253
332	8
332	106
332	152
332	160
332	213
332	222
332	226
332	285
332	375
332	407
332	463
332	466
332	539
333	9
333	323
334	152
334	585
335	8
335	30
335	52
335	120
335	168
335	169
335	177
335	271
335	305
335	393
335	446
335	447
335	450
335	554
335	563
335	589
336	11
336	72
336	98
336	156
336	157
336	172
336	193
336	226
336	233
336	234
336	238
336	466
337	319
338	212
338	227
338	256
338	383
338	637
339	103
339	212
339	257
339	298
339	314
339	413
339	465
339	520
340	30
340	386
340	517
341	151
341	178
341	661
342	27
342	309
342	359
343	442
344	8
344	51
344	108
344	177
344	234
344	276
344	285
344	317
344	393
344	434
345	21
345	23
345	83
345	179
345	284
345	357
345	370
346	41
346	347
347	346
347	368
347	419
347	553
348	106
348	284
348	349
348	351
348	559
348	621
349	348
349	351
349	555
349	616
349	630
349	654
350	355
350	492
350	570
350	575
350	578
350	588
350	625
350	627
350	644
351	198
351	348
351	349
351	537
351	547
351	612
351	625
351	643
351	644
351	660
353	98
353	112
353	172
353	177
353	188
353	203
353	227
353	252
353	271
353	393
353	516
353	526
354	243
354	272
354	355
354	559
354	567
354	570
354	627
354	635
355	350
355	354
355	567
355	596
355	616
355	627
356	12
356	500
356	534
356	580
356	616
356	626
356	640
357	29
357	246
357	345
357	392
357	472
357	475
357	567
359	122
359	342
360	122
360	615
361	56
361	432
361	600
361	605
362	401
362	464
362	492
362	629
362	644
362	655
363	501
363	615
364	32
364	397
365	654
366	533
366	568
366	569
366	573
368	196
368	347
368	413
368	532
368	533
368	575
368	593
369	552
369	621
370	21
370	25
370	260
370	345
370	566
371	150
371	151
371	163
371	173
371	218
371	227
371	230
371	232
371	450
371	466
372	41
373	80
373	127
373	272
373	288
373	501
373	596
373	609
373	662
374	214
374	252
374	305
374	577
375	148
375	322
375	332
375	565
376	238
376	380
377	97
377	315
377	593
378	135
378	150
378	279
378	379
378	380
378	381
378	386
378	397
378	449
378	563
378	584
379	378
379	387
379	562
379	564
379	589
379	619
379	661
380	135
380	150
380	173
380	376
380	378
380	386
380	529
380	562
380	563
380	602
380	619
381	378
381	389
382	101
382	140
382	312
382	487
383	338
383	419
383	436
383	531
383	565
383	569
383	596
383	597
384	76
384	237
384	312
384	385
384	530
384	540
384	601
385	384
385	487
386	157
386	203
386	340
386	378
386	380
386	387
386	435
386	455
386	487
386	554
386	619
387	203
387	379
387	386
388	192
388	495
388	514
389	79
389	171
389	178
389	301
389	381
389	430
390	212
391	484
392	12
392	65
392	246
392	300
392	357
392	475
393	168
393	203
393	216
393	234
393	251
393	276
393	305
393	306
393	317
393	335
393	344
393	353
393	445
393	446
393	509
394	136
394	182
394	183
394	229
394	235
394	268
394	462
395	196
395	442
395	500
395	515
395	532
395	555
395	610
395	625
395	626
395	654
396	321
396	561
397	113
397	364
397	378
397	449
397	563
397	589
398	172
398	565
400	297
400	509
400	511
400	512
401	362
401	455
401	456
401	458
402	321
402	426
402	529
402	604
403	97
403	117
403	195
403	287
403	291
404	10
404	51
404	108
404	516
406	10
406	160
406	166
406	201
406	216
406	329
406	407
406	411
406	429
406	449
406	497
406	591
407	8
407	332
407	406
408	250
408	251
408	409
408	542
409	72
409	194
409	232
409	251
409	408
409	468
409	487
409	523
409	542
409	587
410	137
410	262
410	326
410	421
410	545
411	0
411	237
411	269
411	329
411	406
411	449
411	601
412	106
412	160
412	192
412	285
412	577
413	339
413	368
413	465
413	468
413	490
413	532
413	565
413	575
413	593
413	633
413	648
414	169
414	172
415	311
415	312
415	434
417	11
417	100
417	167
417	268
418	29
418	207
418	436
419	5
419	265
419	347
419	383
419	423
419	456
419	473
419	549
419	640
419	656
420	455
421	26
421	265
421	410
422	263
423	247
423	283
423	419
423	424
423	501
424	119
424	283
424	423
424	456
424	551
424	599
424	608
424	640
424	649
425	261
425	578
426	402
426	529
427	108
427	657
428	0
428	468
428	648
429	6
429	14
429	30
429	35
429	99
429	136
429	253
429	298
429	311
429	319
429	320
429	406
429	445
429	449
429	487
429	489
429	591
429	657
430	389
430	487
430	489
430	592
431	622
432	56
432	121
432	361
432	578
432	596
432	605
432	625
433	444
433	500
434	144
434	177
434	234
434	268
434	276
434	317
434	344
434	415
434	445
434	446
434	447
434	561
434	564
435	18
435	168
435	177
435	386
435	445
435	446
435	554
435	563
435	589
436	383
436	418
437	549
438	158
438	232
438	298
440	17
440	133
440	551
441	443
441	616
441	625
442	84
442	196
442	343
442	395
442	578
442	630
443	441
443	571
443	624
443	625
443	652
444	433
445	8
445	14
445	16
445	167
445	168
445	169
445	177
445	297
445	317
445	393
445	429
445	434
445	435
445	446
445	449
445	468
445	487
445	554
445	589
445	620
446	317
446	335
446	393
446	434
446	435
446	445
447	98
447	168
447	222
447	335
447	434
447	544
447	563
448	569
449	11
449	173
449	177
449	279
449	378
449	397
449	406
449	411
449	429
449	445
449	454
449	468
449	554
449	591
450	155
450	160
450	335
450	371
451	517
452	11
452	156
452	165
452	170
452	172
452	234
452	539
453	145
454	30
454	301
454	449
454	487
454	497
454	619
455	265
455	327
455	386
455	401
455	420
455	464
456	199
456	327
456	401
456	419
456	424
456	501
456	547
456	597
456	610
456	631
457	578
457	614
458	196
458	401
458	549
458	553
458	632
458	640
459	272
459	460
460	264
460	272
460	459
460	646
461	616
461	626
462	112
462	113
462	182
462	190
462	237
462	286
462	394
463	332
464	362
464	455
464	473
464	635
464	644
465	163
465	339
465	413
465	490
465	648
465	651
466	11
466	62
466	108
466	115
466	149
466	151
466	153
466	157
466	159
466	163
466	172
466	319
466	332
466	336
466	371
466	604
467	14
467	34
467	35
467	54
467	493
467	659
468	0
468	92
468	111
468	177
468	285
468	290
468	297
468	409
468	413
468	428
468	445
468	449
468	469
468	487
468	510
468	522
468	554
468	648
469	150
469	298
469	468
470	85
470	299
471	282
472	357
473	419
473	464
474	27
474	325
474	502
475	29
475	64
475	65
475	87
475	246
475	357
475	392
475	496
476	15
476	57
476	246
476	477
476	661
477	35
477	57
477	164
477	308
477	476
478	537
478	549
478	568
478	569
479	132
479	532
479	533
480	74
481	275
483	501
483	652
483	654
483	656
484	391
486	30
486	218
487	0
487	6
487	101
487	167
487	269
487	311
487	312
487	382
487	385
487	386
487	409
487	429
487	430
487	445
487	454
487	468
487	489
487	519
487	554
487	591
489	30
489	269
489	298
489	429
489	430
489	487
490	136
490	269
490	301
490	413
490	465
490	657
491	88
491	138
492	350
492	362
492	500
492	610
492	624
492	625
492	635
492	644
492	652
493	37
493	57
493	264
493	467
493	538
493	659
494	499
495	90
495	388
496	17
496	475
496	567
497	232
497	293
497	406
497	454
497	554
497	602
498	617
498	653
499	119
499	494
499	578
499	612
499	645
499	655
500	12
500	15
500	42
500	53
500	57
500	199
500	246
500	356
500	395
500	433
500	492
501	299
501	363
501	373
501	423
501	456
501	483
501	556
501	567
501	597
501	621
501	627
501	639
501	642
501	643
502	474
504	128
504	556
505	111
505	218
505	268
506	226
506	297
506	510
506	525
506	526
507	253
508	172
508	173
508	306
509	393
509	400
509	511
510	145
510	253
510	468
510	506
510	516
511	10
511	30
511	108
511	152
511	175
511	193
511	195
511	228
511	231
511	253
511	297
511	301
511	400
511	509
511	516
511	591
512	160
512	172
512	239
512	400
512	602
513	83
513	618
514	388
514	569
515	69
515	395
515	609
515	630
516	9
516	30
516	105
516	108
516	120
516	152
516	155
516	226
516	231
516	237
516	241
516	322
516	329
516	353
516	404
516	510
516	511
517	340
517	451
518	195
518	603
519	136
519	155
519	170
519	487
520	103
520	339
520	538
521	111
521	290
521	307
521	522
522	91
522	97
522	182
522	222
522	319
522	321
522	468
522	521
522	524
522	527
523	98
523	186
523	292
523	294
523	409
523	524
524	11
524	97
524	117
524	181
524	186
524	187
524	241
524	251
524	522
524	523
524	527
524	528
525	97
525	184
525	186
525	209
525	228
525	231
525	253
525	254
525	506
525	526
525	530
525	544
526	79
526	228
526	268
526	308
526	353
526	506
526	525
527	72
527	97
527	181
527	209
527	232
527	292
527	522
527	524
528	97
528	111
528	167
528	170
528	182
528	221
528	321
528	323
528	524
528	529
528	544
528	583
529	150
529	380
529	402
529	426
529	528
529	604
530	76
530	95
530	190
530	222
530	384
530	525
531	383
531	552
532	196
532	314
532	368
532	395
532	413
532	479
532	593
532	648
533	30
533	288
533	366
533	368
533	479
533	569
533	573
534	82
534	356
534	550
534	553
534	560
534	580
534	632
536	310
537	351
537	478
537	596
537	627
538	29
538	87
538	103
538	120
538	178
538	493
538	520
538	658
538	661
539	11
539	149
539	157
539	172
539	194
539	279
539	332
539	452
539	586
540	98
540	384
541	305
542	86
542	112
542	144
542	148
542	224
542	292
542	408
542	409
544	79
544	447
544	525
544	528
544	583
545	410
545	599
545	640
546	609
547	137
547	196
547	243
547	351
547	456
547	567
547	568
547	607
547	631
549	137
549	196
549	419
549	437
549	458
549	478
549	580
549	610
549	631
550	27
550	534
550	560
550	580
550	632
551	137
551	278
551	325
551	424
551	440
551	575
551	603
552	133
552	369
552	531
552	651
553	347
553	458
553	534
553	594
553	625
553	639
553	649
554	0
554	8
554	16
554	18
554	30
554	155
554	166
554	168
554	169
554	177
554	335
554	386
554	435
554	445
554	449
554	468
554	487
554	497
554	563
554	564
554	589
555	118
555	120
555	121
555	349
555	395
555	615
555	638
556	128
556	243
556	263
556	501
556	504
556	570
556	613
556	639
556	662
557	263
557	616
558	220
558	559
559	348
559	354
559	558
560	82
560	534
560	550
560	632
560	649
561	396
561	434
561	583
562	145
562	379
562	380
562	589
563	18
563	30
563	305
563	335
563	378
563	380
563	397
563	435
563	447
563	554
564	379
564	434
564	554
565	149
565	155
565	286
565	375
565	383
565	398
565	413
566	29
566	199
566	256
566	370
567	264
567	299
567	327
567	354
567	355
567	357
567	496
567	501
567	547
567	568
567	569
568	84
568	198
568	366
568	478
568	547
568	567
568	569
568	629
568	656
569	366
569	383
569	448
569	478
569	514
569	533
569	567
569	568
569	629
570	350
570	354
570	556
570	578
570	609
570	662
571	443
571	616
572	180
572	607
573	366
573	533
574	590
574	611
575	288
575	350
575	368
575	413
575	551
575	590
575	593
575	603
575	638
575	648
576	596
576	607
577	305
577	374
577	412
577	641
578	109
578	350
578	425
578	432
578	442
578	457
578	499
578	570
578	614
578	625
579	580
579	597
579	640
580	356
580	534
580	549
580	550
580	579
580	610
582	321
583	268
583	311
583	317
583	321
583	528
583	544
583	561
583	604
584	165
584	378
585	233
585	334
586	144
586	172
586	539
587	11
587	203
587	409
588	198
588	350
588	627
588	652
589	304
589	335
589	379
589	397
589	435
589	445
589	554
589	562
590	574
590	575
591	126
591	311
591	406
591	429
591	449
591	487
591	511
592	430
593	135
593	150
593	314
593	368
593	377
593	413
593	532
593	575
593	636
593	648
594	553
594	608
595	647
595	649
596	355
596	373
596	383
596	432
596	537
596	576
596	610
596	629
597	283
597	383
597	456
597	501
597	579
597	629
597	645
598	58
598	155
599	424
599	545
599	640
600	81
600	361
601	384
601	411
602	293
602	380
602	497
602	512
603	518
603	551
603	575
604	10
604	11
604	30
604	51
604	115
604	153
604	159
604	323
604	402
604	466
604	529
604	583
605	361
605	432
606	46
607	121
607	547
607	572
607	576
608	424
608	594
608	611
608	629
609	199
609	273
609	373
609	515
609	546
609	570
609	624
610	127
610	395
610	456
610	492
610	549
610	580
610	596
611	574
611	608
611	621
611	643
611	651
612	264
612	351
612	499
613	128
613	198
613	556
614	137
614	457
614	578
614	631
614	653
615	121
615	360
615	363
615	555
615	630
615	656
616	349
616	355
616	356
616	441
616	461
616	557
616	571
616	635
617	137
617	498
618	513
619	157
619	240
619	379
619	380
619	386
619	454
620	445
620	657
621	348
621	369
621	501
621	611
622	199
622	431
623	636
624	443
624	492
624	609
624	626
624	627
624	652
625	350
625	351
625	395
625	432
625	441
625	443
625	492
625	553
625	578
626	198
626	356
626	395
626	461
626	624
627	350
627	354
627	355
627	501
627	537
627	588
627	624
627	635
627	644
627	652
628	19
628	150
628	175
629	289
629	362
629	568
629	569
629	596
629	597
629	608
629	649
630	349
630	442
630	515
630	615
631	137
631	456
631	547
631	549
631	614
632	71
632	458
632	534
632	550
632	560
633	314
633	413
635	354
635	464
635	492
635	616
635	627
635	652
636	593
636	623
637	25
637	338
638	555
638	575
638	651
639	501
639	553
639	556
640	356
640	419
640	424
640	458
640	545
640	579
640	599
641	178
641	577
642	501
643	351
643	501
643	611
644	211
644	350
644	351
644	362
644	464
644	492
644	627
644	655
645	499
645	597
646	460
647	327
647	595
647	649
648	314
648	413
648	428
648	465
648	468
648	532
648	575
648	593
649	327
649	424
649	553
649	560
649	595
649	629
649	647
650	272
651	300
651	465
651	552
651	611
651	638
652	443
652	483
652	492
652	588
652	624
652	627
652	635
653	109
653	498
653	614
654	196
654	349
654	365
654	395
654	483
655	119
655	300
655	362
655	499
655	644
656	198
656	263
656	419
656	483
656	568
656	615
657	0
657	301
657	427
657	429
657	490
657	620
658	37
658	103
658	538
659	34
659	35
659	54
659	57
659	58
659	296
659	467
659	493
660	119
660	351
661	165
661	178
661	204
661	341
661	379
661	476
661	538
662	128
662	263
662	373
662	556
662	570
