0	101
0	132
0	136
0	163
0	216
0	219
0	297
0	298
0	340
0	413
0	427
0	428
0	445
0	449
0	487
0	489
0	506
0	554
0	620
2	36
2	62
2	115
2	209
3	5
3	43
3	44
3	166
3	467
4	5
4	30
4	44
5	3
5	4
5	9
5	34
5	205
5	473
5	478
5	630
6	11
6	454
6	487
7	62
7	271
7	298
8	14
8	50
8	149
8	152
8	155
8	166
8	251
8	335
8	407
8	427
8	435
8	447
8	450
8	554
8	563
9	5
9	23
9	30
9	333
10	11
10	153
10	467
10	604
11	6
11	10
11	32
11	52
11	63
11	68
11	79
11	117
11	146
11	153
11	156
11	172
11	173
11	181
11	187
11	232
11	254
11	268
11	290
11	320
11	323
11	335
11	452
11	521
11	529
11	539
11	541
11	543
11	581
11	582
12	13
12	47
12	53
12	57
12	65
12	205
12	246
12	481
12	500
13	12
13	53
13	57
13	164
13	205
13	246
13	478
14	8
14	34
14	150
14	296
14	298
14	429
15	47
15	53
15	65
16	172
16	589
17	133
17	440
18	65
18	335
19	252
21	23
21	25
21	83
21	118
21	264
21	370
22	324
23	9
23	21
23	121
23	260
23	324
23	345
23	473
24	26
24	107
24	109
24	132
24	265
25	21
25	345
25	370
26	24
26	27
26	109
26	119
26	534
26	626
27	26
27	107
27	123
27	277
27	309
27	474
28	67
28	390
28	611
29	370
30	4
30	9
30	32
30	106
30	126
30	151
30	153
30	157
30	161
30	168
30	172
30	231
30	297
30	322
30	333
30	335
30	429
30	445
30	489
30	516
30	533
30	554
30	563
30	591
30	604
31	234
31	276
32	11
32	30
32	316
32	364
32	426
32	604
33	246
33	388
33	416
34	5
34	14
34	62
34	467
36	2
36	90
36	114
36	139
36	248
36	251
36	320
38	147
38	200
38	249
39	122
39	262
39	264
39	513
40	85
40	358
40	470
41	346
41	359
41	372
42	87
42	482
43	3
43	62
44	3
44	4
44	62
45	87
45	200
47	12
47	15
47	53
49	62
50	8
50	112
51	120
51	168
51	447
51	554
51	563
52	11
53	12
53	13
53	15
53	47
53	57
53	164
53	245
53	246
53	500
54	352
54	659
56	361
56	605
57	12
57	13
57	53
57	205
57	246
57	275
57	390
57	476
57	493
58	202
58	266
58	659
61	409
61	486
62	2
62	7
62	34
62	43
62	44
62	49
62	112
62	251
62	467
62	661
63	11
63	66
63	152
63	153
64	475
65	12
65	15
65	18
65	103
65	246
65	475
66	63
67	28
67	103
67	122
67	273
68	11
68	381
68	604
69	515
72	336
72	527
74	480
75	77
75	99
75	193
75	252
75	336
76	186
76	219
76	384
77	75
77	251
78	223
78	333
78	451
79	11
79	187
79	209
79	276
79	526
80	494
80	613
80	625
81	281
82	440
82	479
82	531
82	534
82	560
82	656
83	21
83	208
84	345
84	442
84	464
84	548
84	568
85	40
85	278
85	470
86	98
86	191
86	317
86	403
86	540
87	42
87	45
87	246
87	275
87	352
87	475
87	538
88	138
88	491
88	514
90	36
90	147
90	250
90	409
90	495
91	181
91	290
91	295
92	95
92	177
92	218
92	219
92	221
92	268
92	468
92	521
93	177
93	219
93	290
93	323
94	117
94	223
94	252
94	270
94	290
94	319
94	486
94	490
95	92
95	99
95	101
95	140
95	252
95	530
96	209
96	382
96	462
96	520
97	147
97	249
98	86
98	540
99	75
99	95
99	233
99	382
100	331
100	417
101	0
101	95
101	136
101	269
101	331
101	340
101	377
101	382
101	544
102	170
102	235
102	384
102	581
103	65
103	67
103	273
103	339
103	493
103	538
103	661
105	188
105	218
105	241
105	270
105	521
106	30
106	109
106	120
106	151
106	223
106	241
106	292
106	320
106	340
106	450
107	24
107	27
107	109
107	347
107	348
107	552
107	559
108	141
108	151
108	158
108	270
108	333
108	427
109	24
109	26
109	106
109	107
109	122
109	139
109	578
109	653
110	361
112	50
112	62
112	197
112	250
112	252
112	286
112	462
112	542
113	188
113	462
114	36
114	253
115	2
115	604
117	11
117	94
117	287
118	21
118	280
118	606
118	630
119	26
119	499
119	655
119	660
120	51
120	106
120	161
120	389
120	516
120	538
121	23
121	432
121	606
121	615
122	39
122	67
122	109
123	27
123	223
126	30
126	148
126	155
127	128
127	352
128	127
128	243
128	504
128	613
128	639
128	662
130	431
132	0
132	24
132	137
132	177
132	354
132	413
132	479
132	585
132	612
133	17
133	440
134	391
134	491
135	529
136	0
136	101
137	132
137	410
137	547
137	595
137	614
137	617
137	631
138	88
138	491
139	36
139	109
140	95
140	409
141	108
141	146
141	159
141	160
141	172
141	174
142	215
144	539
145	159
145	241
145	453
146	11
146	141
146	151
146	153
146	172
146	174
147	38
147	90
147	97
147	252
147	330
148	126
148	375
148	565
149	8
149	157
149	194
149	563
149	565
150	14
150	170
150	191
150	323
150	488
150	593
150	602
151	30
151	106
151	108
151	146
151	153
151	154
151	160
151	163
151	172
151	241
151	316
151	341
151	414
151	450
152	8
152	63
152	156
152	161
152	163
152	218
152	226
152	228
152	231
152	268
152	322
152	333
152	334
152	435
152	450
152	510
152	511
152	516
152	518
152	526
153	10
153	11
153	30
153	63
153	146
153	151
153	172
153	218
153	340
153	414
153	508
153	601
153	604
154	151
155	8
155	126
155	516
155	565
156	11
156	152
157	30
157	149
157	158
157	450
157	539
158	108
158	157
158	159
158	173
158	175
158	177
159	141
159	145
159	158
159	166
159	453
159	466
159	604
160	141
160	151
160	192
160	218
160	332
160	375
160	409
160	414
160	450
160	508
160	604
161	30
161	120
161	152
162	170
162	450
163	0
163	151
163	152
163	172
163	364
163	450
163	465
163	518
163	657
164	13
164	53
164	171
164	577
164	584
164	641
165	584
166	3
166	8
166	159
166	177
166	406
166	435
166	554
166	589
167	323
167	417
167	529
168	30
168	51
168	251
168	335
168	435
168	445
168	446
168	447
168	563
168	589
169	445
170	102
170	150
170	162
170	176
170	540
171	164
171	301
171	389
172	11
172	16
172	30
172	141
172	146
172	151
172	153
172	163
172	173
172	174
172	203
172	248
172	320
172	414
172	466
172	508
172	512
172	539
173	11
173	158
173	172
173	380
173	449
173	508
173	563
174	141
174	146
174	172
174	447
174	619
175	158
175	488
176	170
176	269
177	92
177	93
177	132
177	158
177	166
177	219
177	238
177	279
177	285
177	290
177	297
177	394
177	406
177	435
177	445
177	468
177	554
177	563
177	577
177	589
178	389
178	398
178	538
178	661
179	345
181	11
181	91
181	187
181	219
181	290
181	295
181	521
182	218
183	184
183	394
184	183
184	185
184	187
184	188
184	190
184	290
184	528
185	184
185	188
185	189
185	190
185	236
186	76
186	188
187	11
187	79
187	181
187	184
187	251
187	524
188	105
188	113
188	184
188	185
188	186
188	189
188	234
188	254
188	295
188	298
188	394
188	522
188	524
189	185
189	188
190	184
190	185
190	462
191	86
191	150
191	240
191	306
191	377
191	379
192	160
193	75
193	197
193	213
193	230
193	252
193	336
193	454
193	511
194	149
194	218
194	241
194	251
194	409
194	539
195	237
195	298
195	518
196	220
196	299
196	395
196	458
196	461
197	112
197	193
197	209
198	351
198	609
198	656
199	264
199	275
199	349
199	474
199	566
199	610
199	640
199	642
200	38
200	45
201	251
201	328
201	407
202	58
203	172
203	241
203	340
203	353
203	386
203	387
203	393
203	397
203	508
203	587
203	619
203	661
205	5
205	12
205	13
205	57
206	410
207	211
207	464
207	553
207	614
208	83
208	218
208	219
208	223
208	252
209	2
209	79
209	96
209	197
209	213
209	216
209	521
209	523
209	527
211	207
211	614
212	257
212	338
213	193
213	209
213	216
213	218
213	223
213	230
213	332
214	252
215	142
216	0
216	209
216	213
216	340
216	375
218	92
218	105
218	152
218	153
218	160
218	182
218	194
218	208
218	213
218	227
218	241
218	248
218	254
218	329
218	353
218	463
219	0
219	76
219	92
219	93
219	177
219	181
219	208
219	445
220	196
220	350
220	395
220	517
220	537
220	559
221	92
221	582
222	248
222	341
222	454
223	78
223	94
223	106
223	123
223	208
223	213
223	226
223	254
223	294
224	232
224	249
224	251
224	315
224	526
226	152
226	223
226	336
226	506
226	516
226	519
227	218
227	253
227	333
228	152
228	229
228	253
228	521
229	228
229	231
229	253
229	295
229	334
229	394
230	193
230	213
231	30
231	152
231	229
231	375
231	405
231	518
232	11
232	224
233	99
233	252
233	353
233	516
233	585
234	31
234	188
234	276
235	102
235	542
236	185
237	195
237	269
237	384
237	411
237	427
237	462
237	516
237	601
238	177
238	251
238	285
238	364
238	412
240	191
240	306
240	313
240	619
241	105
241	106
241	145
241	151
241	194
241	203
241	218
241	307
241	524
241	619
243	128
243	354
243	355
243	547
243	639
243	650
245	53
246	12
246	13
246	33
246	53
246	57
246	65
246	87
246	257
246	357
246	392
246	467
247	365
248	36
248	172
248	218
248	222
248	317
248	328
248	409
248	453
249	38
249	97
249	224
249	251
249	292
249	375
249	408
249	409
249	438
250	90
250	112
250	251
250	253
250	292
250	407
250	409
251	8
251	36
251	62
251	77
251	168
251	187
251	194
251	201
251	224
251	238
251	249
251	250
251	292
251	329
251	405
251	408
251	409
251	506
251	508
251	542
252	19
252	75
252	94
252	95
252	112
252	147
252	193
252	208
252	214
252	233
252	332
252	374
253	114
253	227
253	228
253	229
253	250
253	269
253	286
253	292
253	311
253	320
253	329
253	429
253	506
253	510
253	516
254	11
254	188
254	218
254	223
254	526
257	212
257	246
257	552
258	623
260	23
260	357
260	370
260	472
260	596
261	425
262	39
262	270
262	274
262	410
262	503
264	21
264	39
264	199
264	345
264	460
264	493
264	612
264	662
265	24
265	419
265	479
266	58
268	11
268	92
268	152
268	271
268	394
268	417
268	435
268	505
268	526
268	528
269	101
269	176
269	237
269	253
269	313
269	411
269	454
270	94
270	105
270	108
270	262
271	7
271	268
271	306
271	335
271	558
272	570
272	578
272	613
273	67
273	103
273	352
273	504
274	262
274	398
274	596
274	631
275	57
275	87
275	199
275	640
275	642
276	31
276	79
276	234
276	393
277	27
277	324
278	85
279	177
279	364
279	389
279	539
279	563
279	589
280	118
281	81
283	423
283	424
283	458
283	545
283	597
283	640
284	345
284	478
285	177
285	238
285	364
286	112
286	253
286	287
286	294
287	117
287	286
287	295
287	403
288	440
288	533
289	629
290	11
290	91
290	93
290	94
290	177
290	181
290	184
290	297
290	323
290	445
290	468
290	521
290	523
290	524
290	528
292	106
292	249
292	250
292	251
292	253
292	523
292	542
293	304
293	497
293	602
294	223
294	286
294	523
295	91
295	181
295	188
295	229
295	287
295	376
295	377
295	381
295	386
296	14
297	0
297	30
297	177
297	290
297	400
297	445
298	0
298	7
298	14
298	188
298	195
298	388
298	406
298	467
298	507
298	620
299	196
299	567
299	637
300	392
300	651
301	171
301	427
301	657
302	496
304	293
305	374
305	414
305	435
305	577
306	191
306	240
306	271
306	308
306	406
306	408
306	506
306	508
307	241
307	450
307	521
308	306
308	477
309	27
309	342
309	474
310	536
311	253
312	384
312	540
313	240
313	269
313	382
313	520
313	601
314	532
314	648
315	224
316	32
316	151
317	86
317	248
319	94
319	486
320	11
320	36
320	106
320	172
320	253
320	329
320	591
322	30
322	152
323	11
323	93
323	150
323	167
323	290
323	333
323	364
323	397
323	490
323	528
323	529
323	601
323	604
324	22
324	23
324	277
326	410
327	647
328	201
328	248
328	337
329	218
329	251
329	253
329	320
330	147
331	100
331	101
331	454
332	160
332	213
332	252
332	407
332	412
332	539
332	661
333	9
333	30
333	78
333	108
333	152
333	227
333	323
333	450
334	152
334	229
334	526
334	583
334	585
335	8
335	11
335	18
335	30
335	168
335	271
335	445
335	446
335	554
335	563
335	589
336	72
336	75
336	193
336	226
337	328
337	405
338	212
339	103
339	413
339	465
339	520
339	648
340	0
340	101
340	106
340	153
340	203
340	216
340	386
340	427
340	455
340	458
340	517
340	591
341	151
341	222
341	661
342	309
343	442
345	23
345	25
345	84
345	179
345	264
345	284
345	357
345	370
346	41
346	347
346	425
347	107
347	346
347	368
347	419
347	425
347	473
347	553
348	107
348	349
348	352
348	621
349	199
349	348
349	351
349	395
349	654
350	220
350	351
350	354
350	355
350	440
350	492
350	501
350	570
350	571
350	588
350	609
350	610
350	616
350	624
350	625
350	627
351	198
351	349
351	350
351	441
351	537
351	612
351	623
351	625
352	54
352	87
352	127
352	273
352	348
352	500
353	203
353	218
353	233
353	468
353	516
353	526
354	132
354	243
354	350
354	355
354	504
354	556
354	559
354	567
354	588
354	627
354	635
354	639
355	243
355	350
355	354
355	596
355	616
355	627
355	644
356	456
356	500
356	626
357	246
357	260
357	345
357	392
357	472
357	567
358	40
358	372
359	41
361	56
361	110
361	432
361	600
361	605
361	615
362	492
362	644
362	655
363	501
364	32
364	163
364	238
364	279
364	285
364	323
364	407
364	408
364	410
364	414
365	247
365	654
366	533
366	573
368	347
368	413
368	532
368	533
368	559
368	593
368	648
369	552
369	574
369	621
370	21
370	25
370	29
370	260
370	345
371	450
372	41
372	358
373	494
373	504
374	252
374	305
374	577
375	148
375	160
375	216
375	231
375	249
375	409
375	517
375	529
375	538
375	581
376	295
376	377
376	381
376	385
376	386
377	101
377	191
377	295
377	376
377	385
377	386
379	191
379	380
379	489
379	529
379	563
379	564
379	589
379	619
379	661
380	173
380	379
380	563
381	68
381	295
381	376
381	387
381	389
382	96
382	99
382	101
382	313
384	76
384	102
384	237
384	312
384	385
384	530
385	376
385	377
385	384
385	585
385	601
386	203
386	295
386	340
386	376
386	377
386	387
386	435
386	455
386	619
387	203
387	381
387	386
387	619
388	33
388	298
388	409
388	414
388	661
389	120
389	171
389	178
389	279
389	381
389	430
390	28
390	57
390	478
391	134
391	484
392	246
392	300
392	357
392	552
393	203
393	276
393	435
394	177
394	183
394	188
394	229
394	268
394	462
395	196
395	220
395	349
395	549
395	626
395	630
395	635
395	649
395	654
396	528
396	543
396	561
396	585
397	203
397	323
398	178
398	274
398	565
400	297
400	512
401	458
401	649
402	604
403	86
403	287
404	602
405	231
405	251
405	337
405	450
405	598
406	166
406	177
406	298
406	306
406	407
406	411
406	497
407	8
407	201
407	250
407	332
407	364
407	406
408	249
408	251
408	306
408	364
408	409
409	61
409	90
409	140
409	160
409	194
409	248
409	249
409	250
409	251
409	375
409	388
409	408
409	427
409	463
409	524
410	137
410	206
410	262
410	326
410	364
410	420
410	424
410	440
410	545
410	599
410	631
411	237
411	269
411	406
411	601
412	238
412	332
413	0
413	132
413	339
413	368
413	428
413	468
413	490
413	518
413	532
413	590
413	593
413	603
413	636
413	648
414	151
414	153
414	160
414	172
414	305
414	364
414	388
414	661
415	467
416	33
416	494
417	100
417	167
417	268
417	543
417	582
419	265
419	347
419	515
420	410
420	458
422	441
422	553
423	283
423	424
423	572
424	283
424	410
424	423
424	425
424	458
424	573
424	599
424	640
424	649
425	261
425	346
425	347
425	424
425	578
426	32
426	585
426	620
427	0
427	8
427	108
427	237
427	301
427	340
427	409
427	465
427	657
428	0
428	413
428	465
428	510
428	574
428	590
428	648
429	14
429	30
429	253
429	488
429	591
429	620
430	389
431	130
431	622
432	121
432	361
432	492
432	600
432	605
432	606
432	615
432	625
433	461
433	653
435	8
435	152
435	166
435	168
435	177
435	268
435	305
435	386
435	393
435	445
435	554
435	563
435	589
435	641
436	629
437	630
438	249
439	631
440	17
440	82
440	133
440	288
440	350
440	410
440	551
440	603
441	351
441	422
441	492
441	616
441	625
442	84
442	343
442	461
443	625
443	630
445	0
445	30
445	168
445	169
445	177
445	219
445	290
445	297
445	335
445	435
445	446
445	447
445	449
445	468
445	554
445	563
445	589
445	601
446	168
446	335
446	445
447	8
447	51
447	168
447	174
447	445
447	554
449	0
449	173
449	445
449	454
449	468
449	488
449	554
449	657
450	8
450	106
450	151
450	152
450	157
450	160
450	162
450	163
450	307
450	333
450	371
450	405
450	565
451	78
451	517
452	11
453	145
453	159
453	248
454	6
454	193
454	222
454	269
454	331
454	449
454	487
454	488
454	619
455	340
455	386
455	458
455	464
456	356
458	196
458	283
458	340
458	401
458	420
458	424
458	455
458	550
458	553
458	573
458	632
459	460
460	264
460	459
461	196
461	433
461	442
462	96
462	112
462	113
462	190
462	237
462	394
463	218
463	409
464	84
464	207
464	455
464	473
464	614
464	644
465	163
465	339
465	427
465	428
465	490
465	593
465	621
465	633
465	648
465	651
466	159
466	172
467	3
467	10
467	34
467	62
467	246
467	298
467	415
467	477
467	659
468	92
468	177
468	290
468	353
468	413
468	445
468	449
470	40
470	85
472	260
472	357
473	5
473	23
473	347
473	464
474	27
474	199
474	309
474	502
474	549
475	64
475	65
475	87
475	496
476	57
476	477
477	308
477	467
477	476
478	5
478	13
478	284
478	390
478	547
478	568
478	569
478	612
478	614
478	630
478	645
479	82
479	132
479	265
479	533
480	74
481	12
482	42
483	635
483	652
483	656
484	391
486	61
486	94
486	319
487	0
487	6
487	454
488	150
488	175
488	429
488	449
488	454
488	591
488	620
489	0
489	30
489	379
490	94
490	323
490	413
490	465
490	592
491	88
491	134
491	138
492	350
492	362
492	432
492	441
492	615
492	625
492	635
493	57
493	103
493	264
493	538
493	659
494	80
494	373
494	416
494	499
494	570
494	643
495	90
495	563
495	584
495	641
496	302
496	475
497	293
497	406
497	602
498	617
498	633
499	119
499	494
499	612
499	645
499	655
499	660
500	12
500	53
500	352
500	356
500	606
500	625
501	350
501	363
501	556
501	567
501	597
501	621
502	474
502	549
503	262
504	128
504	273
504	354
504	373
504	570
504	609
504	662
505	268
506	0
506	226
506	251
506	253
506	306
506	507
506	525
506	526
507	298
507	506
507	508
508	153
508	160
508	172
508	173
508	203
508	251
508	306
508	507
508	561
510	152
510	253
510	428
510	518
511	152
511	193
512	172
512	400
513	39
513	618
514	88
515	69
515	419
515	579
516	30
516	120
516	152
516	155
516	226
516	233
516	237
516	253
516	353
517	220
517	340
517	375
517	451
518	152
518	163
518	195
518	231
518	413
518	510
518	633
518	643
519	226
520	96
520	313
520	339
520	538
521	11
521	92
521	105
521	181
521	209
521	228
521	290
521	307
521	522
521	523
521	524
522	188
522	521
523	209
523	290
523	292
523	294
523	521
523	527
524	187
524	188
524	241
524	290
524	409
524	521
524	528
525	506
525	526
526	79
526	152
526	224
526	254
526	268
526	334
526	353
526	506
526	525
527	72
527	209
527	523
528	184
528	268
528	290
528	323
528	396
528	524
528	541
528	543
528	544
528	561
529	11
529	135
529	167
529	323
529	375
529	379
529	585
529	604
530	95
530	384
530	601
531	82
531	532
532	314
532	368
532	413
532	531
532	559
532	590
532	593
532	636
532	638
532	648
533	30
533	288
533	366
533	368
533	479
533	573
534	26
534	82
534	550
534	560
534	632
536	310
537	220
537	351
537	627
538	87
538	103
538	120
538	178
538	375
538	493
538	520
539	11
539	144
539	157
539	172
539	194
539	279
539	332
540	86
540	98
540	170
540	312
541	11
541	528
542	112
542	235
542	251
542	292
543	11
543	396
543	417
543	528
543	561
543	585
543	604
544	101
544	528
545	283
545	410
545	557
545	599
545	640
547	137
547	243
547	478
547	568
547	595
548	84
548	647
549	395
549	474
549	502
550	458
550	534
550	560
550	580
550	632
551	440
551	640
552	107
552	257
552	369
552	392
553	207
553	347
553	422
553	458
553	556
553	594
553	596
553	625
553	639
554	0
554	8
554	30
554	51
554	166
554	177
554	335
554	435
554	445
554	447
554	449
554	563
554	589
555	593
556	354
556	501
556	553
557	545
558	271
558	559
558	629
559	107
559	220
559	354
559	368
559	532
559	558
559	597
560	82
560	534
560	550
560	595
560	610
560	632
560	647
561	396
561	508
561	528
561	543
561	585
563	8
563	30
563	51
563	149
563	168
563	173
563	177
563	279
563	335
563	379
563	380
563	435
563	445
563	495
563	554
563	565
563	589
564	379
564	641
565	148
565	149
565	155
565	398
565	450
565	563
566	199
567	299
567	354
567	357
567	501
568	84
568	478
568	547
569	478
569	573
569	629
570	272
570	350
570	494
570	504
571	350
571	616
571	624
571	626
572	423
572	607
573	366
573	424
573	458
573	533
573	569
573	647
574	369
574	428
575	648
576	596
576	649
577	164
577	177
577	305
577	374
577	584
578	109
578	272
578	425
578	614
578	625
579	515
579	580
579	610
580	550
580	579
580	610
580	632
581	11
581	102
581	375
581	657
582	11
582	221
582	417
583	334
584	164
584	165
584	495
584	577
584	641
585	132
585	233
585	334
585	385
585	396
585	426
585	529
585	543
585	561
587	203
587	650
588	350
588	354
589	16
589	166
589	168
589	177
589	279
589	335
589	379
589	435
589	445
589	554
589	563
590	413
590	428
590	532
590	593
590	638
591	30
591	320
591	340
591	429
591	488
592	490
592	657
593	150
593	368
593	413
593	465
593	532
593	555
593	590
593	636
593	648
594	553
595	137
595	547
595	560
595	647
595	649
596	260
596	274
596	355
596	553
596	576
597	283
597	501
597	559
597	630
598	405
599	410
599	424
599	545
599	640
600	361
600	432
601	153
601	237
601	313
601	323
601	385
601	411
601	445
601	530
601	661
602	150
602	293
602	404
602	497
603	413
603	440
604	10
604	30
604	32
604	68
604	115
604	153
604	159
604	160
604	323
604	402
604	529
604	543
605	56
605	361
605	432
606	118
606	121
606	432
606	500
607	572
607	634
609	198
609	350
609	504
610	199
610	350
610	560
610	579
610	580
610	632
610	647
610	649
611	28
612	132
612	264
612	351
612	478
612	499
612	660
613	80
613	128
613	272
613	639
613	656
614	137
614	207
614	211
614	464
614	478
614	578
614	617
614	630
614	653
615	121
615	361
615	432
615	492
615	656
616	350
616	355
616	441
616	571
617	137
617	498
617	614
617	631
618	513
619	174
619	203
619	240
619	241
619	379
619	386
619	387
619	454
620	0
620	298
620	426
620	429
620	488
620	657
621	348
621	369
621	465
621	501
621	638
621	651
622	431
623	258
623	351
623	636
623	643
624	350
624	571
624	626
624	627
625	80
625	350
625	351
625	432
625	441
625	443
625	492
625	500
625	553
625	578
625	656
626	26
626	356
626	395
626	571
626	624
627	350
627	354
627	355
627	537
627	624
629	289
629	436
629	558
629	569
630	5
630	118
630	395
630	437
630	443
630	478
630	597
630	614
630	651
631	137
631	274
631	410
631	439
631	617
632	458
632	534
632	550
632	560
632	580
632	610
632	647
633	465
633	498
633	518
634	607
635	354
635	395
635	483
635	492
635	644
635	652
636	413
636	532
636	593
636	623
637	299
638	532
638	590
638	621
638	651
639	128
639	243
639	354
639	553
639	613
640	199
640	275
640	283
640	424
640	545
640	551
640	599
641	164
641	435
641	495
641	564
641	584
642	199
642	275
643	494
643	518
643	623
644	355
644	362
644	464
644	635
645	478
645	499
647	327
647	548
647	560
647	573
647	595
647	610
647	632
647	649
648	314
648	339
648	368
648	413
648	428
648	465
648	532
648	575
648	593
649	395
649	401
649	424
649	576
649	595
649	610
649	647
650	243
650	587
651	300
651	465
651	621
651	630
651	638
652	483
652	635
653	109
653	433
653	614
653	660
654	349
654	365
654	395
655	119
655	362
655	499
655	660
656	82
656	198
656	483
656	613
656	615
656	625
657	163
657	301
657	427
657	449
657	581
657	592
657	620
659	54
659	58
659	467
659	493
660	119
660	499
660	612
660	653
660	655
661	62
661	103
661	178
661	203
661	332
661	341
661	379
661	388
661	414
661	601
662	128
662	264
662	504
