0	285
0	387
0	445
2	36
2	112
2	115
3	6
3	298
4	5
4	9
4	10
4	245
4	298
4	426
4	477
5	4
5	297
5	478
5	550
6	3
6	10
6	76
6	177
6	429
6	445
6	449
6	565
6	592
7	271
8	10
8	30
8	152
8	155
8	177
8	335
8	407
8	427
8	434
8	554
8	563
9	4
9	30
9	335
10	4
10	6
10	8
10	11
10	32
10	52
10	215
10	268
10	298
10	476
10	659
11	10
11	16
11	187
11	203
11	268
11	335
11	381
11	426
11	539
11	587
12	13
12	33
12	53
12	57
12	246
12	352
12	392
12	476
13	12
13	15
13	47
13	53
13	57
13	478
14	30
14	34
14	50
14	296
14	429
14	467
14	563
15	13
15	35
15	47
15	476
15	659
16	11
16	426
16	445
17	133
17	580
18	64
18	335
19	213
19	250
19	251
19	252
19	326
21	25
21	38
21	118
21	370
22	83
22	288
23	324
23	345
24	26
24	109
24	132
24	206
24	265
24	348
24	390
25	21
25	29
25	260
25	370
25	610
26	24
27	309
27	342
27	474
28	67
29	25
30	8
30	9
30	14
30	52
30	120
30	126
30	155
30	157
30	161
30	177
30	227
30	231
30	235
30	268
30	301
30	315
30	322
30	340
30	426
30	445
30	449
30	454
30	511
30	516
30	591
30	604
31	268
32	10
32	52
32	254
32	331
32	335
32	409
32	426
32	519
32	586
33	12
33	58
33	200
33	345
33	606
33	618
34	14
34	62
34	103
34	296
34	477
34	659
35	15
35	57
35	298
35	476
35	477
36	2
36	62
36	90
36	114
36	131
36	248
36	250
36	251
36	292
36	294
36	320
36	523
37	493
38	21
38	209
38	213
38	249
39	122
39	264
39	346
39	513
40	85
40	125
40	358
40	470
41	346
41	359
42	199
42	220
42	275
42	642
45	278
45	345
47	13
47	15
47	53
47	57
47	164
47	246
47	477
48	85
48	325
49	54
50	14
50	298
51	52
51	168
51	335
52	10
52	30
52	32
52	51
52	106
52	153
52	323
52	329
52	335
52	386
52	435
52	445
52	449
52	519
53	12
53	13
53	47
53	57
53	64
53	205
54	49
54	659
56	361
56	363
56	432
56	605
57	12
57	13
57	35
57	47
57	53
57	64
57	103
57	205
57	246
57	275
57	339
57	390
57	476
57	477
57	546
57	659
58	33
58	202
59	270
60	359
61	235
61	268
61	409
61	486
62	34
62	36
62	143
62	148
62	249
62	250
62	268
62	296
62	320
62	429
62	661
63	285
64	18
64	53
64	57
64	110
64	475
64	500
65	475
66	367
67	28
67	122
67	475
68	386
69	515
70	131
72	322
72	527
73	247
74	480
75	77
75	126
75	193
75	252
76	6
76	186
76	271
76	384
76	495
77	75
78	148
78	451
79	221
79	236
81	600
82	533
82	534
82	632
83	22
83	110
83	198
83	351
84	345
84	442
85	40
85	48
85	89
85	247
85	278
85	470
85	595
86	98
87	103
87	275
87	475
89	85
90	36
90	112
90	248
90	249
90	287
90	415
91	208
92	268
93	268
94	218
94	252
94	565
95	99
95	106
95	189
95	193
96	213
96	462
97	249
97	323
98	86
98	255
98	336
98	525
99	95
99	101
99	233
99	285
100	111
100	417
101	99
101	136
101	269
101	312
101	313
101	331
101	486
101	490
101	509
101	544
102	176
102	235
102	384
102	498
102	544
103	34
103	57
103	87
103	273
103	339
103	409
103	493
103	538
104	520
105	194
105	228
105	233
105	270
105	565
106	52
106	95
106	113
106	154
106	192
106	204
106	320
106	438
106	451
106	517
107	347
108	154
108	176
108	404
109	24
110	64
110	83
110	199
111	100
111	218
112	2
112	90
112	113
112	249
112	252
112	271
112	409
112	462
112	542
113	106
113	112
113	185
113	216
113	224
113	251
113	287
113	298
114	36
114	143
114	227
115	2
115	214
115	230
115	404
115	604
117	249
117	403
117	523
118	21
118	605
119	499
119	655
119	660
120	30
120	161
120	516
121	342
121	361
121	363
121	432
121	606
122	39
122	67
122	359
122	502
123	180
123	358
123	367
125	40
126	30
126	75
126	148
126	155
127	128
128	127
128	264
128	556
128	609
128	611
128	613
128	662
129	147
130	431
131	36
131	70
132	24
132	413
133	17
133	440
133	517
133	580
134	491
135	661
136	101
137	274
137	498
137	547
138	491
141	146
141	160
141	166
141	169
142	155
142	209
142	216
143	62
143	114
143	168
143	174
143	253
146	141
146	174
146	371
146	438
147	129
147	224
147	250
147	252
148	62
148	78
148	126
148	168
148	177
148	234
148	276
148	375
148	427
148	429
148	434
148	445
148	516
148	565
149	194
149	563
149	565
150	158
150	593
150	628
151	222
151	241
151	341
152	8
152	156
152	161
152	231
152	268
152	333
152	450
152	511
153	52
153	154
153	368
154	106
154	108
154	153
154	157
154	158
154	160
154	163
154	386
154	519
155	8
155	30
155	126
155	142
155	516
155	565
156	152
156	187
156	213
156	234
156	322
156	451
157	30
157	154
157	486
158	150
158	154
158	159
158	170
159	158
159	466
160	141
160	154
160	176
160	192
160	239
160	332
160	341
160	375
160	414
160	498
160	512
161	30
161	120
161	152
161	192
161	498
163	154
163	174
163	308
163	465
164	47
164	169
164	245
164	296
164	476
164	477
164	641
164	659
165	584
166	141
167	268
167	417
168	51
168	143
168	148
168	446
169	141
169	164
169	177
169	276
169	335
169	374
169	409
169	445
169	468
169	554
170	158
170	176
170	312
170	384
170	528
170	540
171	253
172	466
172	512
172	539
173	449
174	143
174	146
174	163
175	451
175	507
176	102
176	108
176	160
176	170
176	269
176	298
177	6
177	8
177	30
177	148
177	169
177	183
177	233
177	234
177	238
177	285
177	304
177	305
177	342
177	353
177	434
178	341
178	398
178	520
178	661
180	123
180	324
180	471
180	572
181	183
181	219
181	236
181	295
183	177
183	181
183	184
183	185
183	189
183	236
183	394
183	522
184	183
184	189
184	190
184	290
184	522
184	525
185	113
185	183
185	254
186	76
187	11
187	156
189	95
189	183
189	184
189	190
189	301
190	184
190	189
190	462
190	530
192	106
192	160
192	161
192	386
192	388
192	405
192	539
193	75
193	95
193	197
193	252
193	255
193	315
193	336
193	498
194	105
194	149
194	409
194	454
195	237
195	270
195	298
195	403
195	509
195	511
196	651
197	193
197	204
198	83
198	351
198	515
198	656
199	42
199	110
199	220
199	273
199	500
199	566
199	609
199	632
199	640
199	655
200	33
201	250
201	251
201	258
201	328
201	407
202	58
202	246
203	11
203	235
203	254
203	322
203	353
203	381
203	386
203	387
203	393
203	397
203	409
203	508
203	517
203	587
203	619
203	661
204	106
204	197
204	223
204	241
204	529
204	661
205	53
205	57
206	24
206	325
207	211
207	362
207	496
208	91
209	38
209	142
209	213
209	221
209	249
209	251
209	526
209	527
211	207
211	464
211	499
211	578
211	610
211	614
212	338
213	19
213	38
213	96
213	156
213	209
213	216
213	223
213	230
213	258
213	308
213	328
213	332
213	334
214	115
214	374
215	10
215	424
216	113
216	142
216	213
216	322
218	94
218	111
218	221
218	227
218	331
218	371
219	181
219	304
219	577
220	42
220	199
220	354
220	355
221	79
221	209
221	218
221	254
221	323
221	463
221	486
221	522
221	529
221	583
222	151
222	248
223	204
223	213
223	250
224	113
224	147
224	249
224	251
224	315
224	429
224	526
224	542
225	278
226	252
226	255
226	316
227	30
227	114
227	218
227	253
228	105
228	253
228	268
229	235
229	253
229	394
230	115
230	213
230	333
231	30
231	152
231	322
231	404
231	429
231	498
231	511
231	517
233	99
233	105
233	177
233	252
233	322
233	353
234	148
234	156
234	177
234	276
234	304
234	305
234	322
234	434
235	30
235	61
235	102
235	203
235	229
235	330
236	79
236	181
236	183
236	295
236	304
236	308
237	195
237	269
237	384
237	411
237	427
237	462
237	516
237	601
238	177
238	251
239	160
239	297
239	405
239	466
239	498
239	512
239	634
240	384
240	409
240	619
241	151
241	204
241	454
242	281
243	354
243	588
243	639
243	650
245	4
245	164
245	476
245	477
246	12
246	47
246	57
246	202
246	357
246	476
247	73
247	85
247	278
247	346
247	365
247	424
248	36
248	90
248	222
248	341
248	409
248	453
249	38
249	62
249	90
249	97
249	112
249	117
249	209
249	224
249	250
249	251
249	253
249	315
249	408
249	409
249	438
249	505
250	19
250	36
250	62
250	147
250	201
250	223
250	249
250	251
250	253
250	285
250	298
250	315
250	407
250	408
250	409
250	429
251	19
251	36
251	113
251	201
251	209
251	224
251	238
251	249
251	250
251	292
251	329
251	408
251	409
252	19
252	75
252	94
252	112
252	147
252	193
252	226
252	233
252	255
252	353
252	374
253	143
253	171
253	227
253	228
253	229
253	249
253	250
253	269
253	311
253	331
253	333
253	510
253	516
254	32
254	185
254	203
254	221
254	322
255	98
255	193
255	226
255	252
255	462
256	260
256	499
258	201
258	213
258	324
258	623
260	25
260	256
260	370
261	425
264	39
264	128
264	615
265	24
265	267
265	420
265	479
265	531
266	659
267	265
267	531
268	10
268	11
268	30
268	31
268	61
268	62
268	92
268	93
268	152
268	167
268	228
268	271
268	394
268	396
268	409
268	417
268	522
268	526
268	543
268	561
269	101
269	176
269	237
269	253
269	313
269	411
269	454
269	487
270	59
270	105
270	195
271	7
271	76
271	112
271	268
271	306
271	335
271	446
272	650
273	103
273	199
273	546
273	660
274	137
274	439
275	42
275	57
275	87
275	642
276	148
276	169
276	234
276	426
277	324
277	346
278	45
278	85
278	225
278	247
278	471
280	441
280	605
281	242
282	365
283	496
283	599
285	0
285	63
285	99
285	177
285	250
285	292
285	408
285	409
285	429
286	294
286	400
286	523
287	90
287	113
287	295
287	403
288	22
288	413
288	533
290	184
292	36
292	251
292	285
292	315
292	429
292	542
293	304
293	331
294	36
294	286
295	181
295	236
295	287
295	331
295	386
295	454
296	14
296	34
296	62
296	164
296	301
296	476
297	5
297	239
297	347
297	400
297	445
298	3
298	4
298	10
298	35
298	50
298	113
298	176
298	195
298	250
298	329
298	331
298	407
298	429
298	469
298	507
298	519
298	620
299	483
299	567
299	573
300	392
300	424
300	647
300	651
301	30
301	189
301	296
301	427
301	429
301	490
301	587
301	620
301	657
302	496
304	177
304	219
304	234
304	236
304	293
304	434
304	544
304	589
305	177
305	234
305	322
305	335
305	374
305	393
305	403
305	577
305	641
306	271
306	508
307	521
308	163
308	213
308	236
308	411
308	477
309	27
309	342
310	536
311	253
312	101
312	170
312	382
312	384
312	429
312	454
312	540
312	620
313	101
313	269
313	403
313	520
314	593
314	633
314	648
315	30
315	193
315	224
315	249
315	250
315	292
315	409
316	226
316	486
316	661
317	434
320	36
320	62
320	106
322	30
322	72
322	156
322	203
322	216
322	231
322	233
322	234
322	254
322	305
322	337
322	375
322	477
322	516
323	52
323	97
323	221
323	333
323	407
323	525
323	604
324	23
324	180
324	258
324	277
325	48
325	206
325	420
325	474
326	19
326	359
326	401
327	567
328	201
328	213
329	52
329	251
329	298
329	407
329	497
330	235
331	32
331	101
331	218
331	253
331	293
331	295
331	298
331	340
331	427
331	429
331	454
332	160
332	213
332	375
332	407
332	565
332	661
333	152
333	230
333	253
333	323
334	213
335	8
335	9
335	11
335	18
335	32
335	51
335	52
335	169
335	271
335	305
335	388
335	435
335	446
335	467
335	554
335	563
335	589
336	98
336	193
337	322
338	212
338	390
339	57
339	103
339	413
339	428
339	520
339	538
339	593
339	648
340	30
340	331
341	151
341	160
341	178
341	248
341	518
341	563
341	661
342	27
342	121
342	177
342	309
342	346
342	359
342	605
343	548
345	23
345	33
345	45
345	84
345	370
346	39
346	41
346	247
346	277
346	342
346	347
346	359
346	486
347	107
347	297
347	346
347	553
348	24
348	621
348	645
349	515
350	571
350	616
350	627
351	83
351	198
351	363
351	515
351	557
351	612
351	639
351	660
352	12
353	177
353	203
353	233
353	252
353	434
353	516
353	526
354	220
354	243
354	355
354	492
354	504
354	556
354	559
354	567
354	588
354	616
354	635
355	220
355	354
355	478
355	556
355	588
355	596
355	609
355	610
355	616
355	644
356	500
356	534
356	626
357	246
357	392
357	567
357	660
358	40
358	123
359	41
359	60
359	122
359	326
359	342
359	346
360	572
361	56
361	121
361	432
361	600
361	605
362	207
362	401
362	464
362	492
362	610
362	644
362	655
363	56
363	121
363	351
363	499
363	574
363	615
363	623
363	643
363	660
364	397
364	415
365	247
365	282
365	572
366	533
366	573
367	66
367	123
368	153
368	413
368	648
369	552
370	21
370	25
370	260
370	345
370	472
370	475
371	146
371	218
371	489
373	639
374	169
374	214
374	252
374	305
374	577
375	148
375	160
375	322
375	332
375	409
375	427
375	565
377	386
377	593
378	380
379	589
380	378
380	387
381	11
381	203
381	389
382	312
384	76
384	102
384	170
384	237
384	240
384	312
384	385
384	530
384	540
384	601
384	641
385	384
386	52
386	68
386	154
386	192
386	203
386	295
386	377
386	387
386	435
386	455
386	581
387	0
387	203
387	380
387	386
387	397
387	619
388	192
388	335
388	434
388	584
389	381
390	24
390	57
390	338
390	637
390	660
391	484
392	12
392	300
392	357
393	203
393	305
393	434
394	183
394	229
394	268
395	515
395	571
396	268
397	203
397	364
397	387
397	449
397	619
398	178
400	286
400	297
400	413
400	469
400	509
401	326
401	362
401	422
403	117
403	195
403	287
403	305
403	313
404	108
404	115
404	231
404	516
404	562
405	192
405	239
405	434
405	512
406	411
406	497
407	8
407	201
407	250
407	298
407	323
407	329
407	332
407	497
408	249
408	250
408	251
408	285
408	409
408	542
409	32
409	61
409	103
409	112
409	169
409	194
409	203
409	240
409	248
409	249
409	250
409	251
409	268
409	285
409	315
409	375
409	408
409	479
409	587
409	634
411	237
411	269
411	308
411	406
411	601
412	415
412	438
413	132
413	288
413	339
413	368
413	400
413	468
413	490
413	512
413	565
413	593
413	621
413	636
413	648
414	160
414	661
415	90
415	364
415	412
415	476
415	486
415	659
417	100
417	167
417	268
418	436
420	265
420	325
422	401
422	424
422	553
423	654
424	215
424	247
424	300
424	422
424	599
424	640
425	261
425	578
426	4
426	11
426	16
426	30
426	32
426	276
427	8
427	148
427	237
427	301
427	331
427	375
428	339
428	648
429	6
429	14
429	62
429	148
429	224
429	231
429	250
429	285
429	292
429	298
429	301
429	312
429	331
429	445
429	454
429	486
429	587
429	591
429	620
429	648
431	130
431	622
432	56
432	121
432	361
433	498
433	517
434	8
434	148
434	177
434	234
434	304
434	317
434	353
434	388
434	393
434	405
434	447
434	530
434	561
434	564
434	589
435	52
435	335
435	386
435	445
435	446
435	563
436	418
436	629
437	478
438	106
438	146
438	249
438	412
439	274
439	631
440	133
440	579
440	580
441	280
441	588
441	625
442	84
442	623
445	0
445	6
445	16
445	30
445	52
445	148
445	169
445	297
445	429
445	435
445	446
445	449
445	487
445	554
446	168
446	271
446	335
446	435
446	445
447	434
447	563
447	584
448	569
449	6
449	30
449	52
449	173
449	397
449	445
449	487
449	554
450	152
450	451
451	78
451	106
451	156
451	175
451	450
451	517
451	561
453	248
454	30
454	194
454	241
454	269
454	295
454	312
454	331
454	429
454	487
454	497
455	386
456	531
458	550
458	553
459	460
460	459
462	96
462	112
462	190
462	237
462	255
463	221
464	211
464	362
464	644
465	163
465	633
465	648
465	651
466	159
466	172
466	239
467	14
467	335
467	477
467	493
467	659
468	169
468	413
468	648
469	298
469	400
469	512
470	40
470	85
471	180
471	278
472	370
474	27
474	325
475	64
475	65
475	67
475	87
475	370
476	10
476	12
476	15
476	35
476	57
476	164
476	245
476	246
476	296
476	415
476	477
476	661
477	4
477	34
477	35
477	47
477	57
477	164
477	245
477	308
477	322
477	467
477	476
477	552
477	592
478	5
478	13
478	355
478	437
478	498
478	549
478	568
478	612
478	644
478	645
479	265
479	409
479	533
480	74
480	502
481	546
483	299
483	625
483	656
484	391
486	61
486	101
486	157
486	221
486	316
486	346
486	415
486	429
486	489
486	507
487	269
487	445
487	449
487	454
488	591
489	371
489	486
490	101
490	301
490	413
490	592
490	593
491	134
491	138
491	603
492	354
492	362
492	588
492	627
492	635
492	644
493	37
493	103
493	467
493	659
495	76
495	584
496	207
496	283
496	302
496	534
496	597
497	329
497	406
497	407
497	454
497	602
498	102
498	137
498	160
498	161
498	193
498	231
498	239
498	433
498	478
498	519
498	595
498	617
498	633
499	119
499	211
499	256
499	363
499	612
499	655
499	660
500	64
500	199
500	356
501	556
501	567
501	621
501	639
502	122
502	480
502	549
504	354
504	662
505	249
506	526
507	175
507	298
507	486
508	203
508	306
509	101
509	195
509	400
509	512
510	253
510	648
511	30
511	152
511	195
511	231
512	160
512	172
512	239
512	405
512	413
512	469
512	509
512	565
512	602
512	634
513	39
513	618
515	69
515	198
515	349
515	351
515	395
515	579
515	597
515	609
515	610
516	30
516	120
516	148
516	155
516	237
516	253
516	322
516	353
516	404
517	106
517	133
517	203
517	231
517	433
517	451
517	598
518	341
518	633
518	648
519	32
519	52
519	154
519	298
519	498
520	104
520	178
520	313
520	339
520	538
521	307
522	183
522	184
522	221
522	268
523	36
523	117
523	286
525	98
525	184
525	323
526	209
526	224
526	268
526	353
526	506
527	72
527	209
528	170
529	204
529	221
530	190
530	384
530	434
531	265
531	267
531	456
531	532
532	531
532	593
532	648
533	82
533	288
533	366
533	479
533	575
533	603
534	82
534	356
534	496
534	550
534	560
534	595
534	632
536	310
538	103
538	339
538	520
539	11
539	172
539	192
540	170
540	312
540	384
542	112
542	224
542	292
542	408
543	268
544	101
544	102
544	304
544	581
545	599
545	640
546	57
546	273
546	481
546	609
547	137
547	568
547	595
548	343
549	478
549	502
550	5
550	458
550	534
550	553
550	560
550	580
550	595
550	632
552	369
552	477
552	651
553	347
553	422
553	458
553	550
553	580
553	594
554	8
554	169
554	335
554	445
554	449
554	563
554	589
556	128
556	354
556	355
556	501
556	613
556	622
556	639
556	656
556	662
557	351
558	559
559	354
559	558
560	534
560	550
560	580
560	632
561	268
561	434
561	451
562	404
562	584
563	8
563	14
563	149
563	335
563	341
563	435
563	447
563	554
563	589
563	661
564	434
565	6
565	94
565	105
565	148
565	149
565	155
565	332
565	375
565	413
565	512
566	199
567	299
567	327
567	354
567	357
567	501
567	568
568	478
568	547
568	567
568	623
568	631
569	448
571	350
571	395
572	180
572	360
572	365
573	299
573	366
573	632
574	363
574	593
574	621
574	651
575	533
576	596
577	219
577	305
577	374
577	641
578	211
578	425
579	440
579	515
579	580
579	597
579	610
579	629
579	640
580	17
580	133
580	440
580	550
580	553
580	560
580	579
580	610
580	629
580	632
581	386
581	544
581	582
582	581
583	221
583	604
584	165
584	388
584	447
584	495
584	562
586	32
587	11
587	203
587	301
587	409
587	429
588	243
588	354
588	355
588	441
588	492
588	609
588	627
589	304
589	335
589	379
589	434
589	554
589	563
590	593
590	648
591	30
591	429
591	488
592	6
592	477
592	490
593	150
593	314
593	339
593	377
593	413
593	490
593	532
593	574
593	590
593	648
594	553
594	625
595	85
595	498
595	534
595	547
595	550
595	632
595	647
596	355
596	576
597	496
597	515
597	579
597	638
597	660
598	517
599	283
599	424
599	545
599	640
600	81
600	361
600	639
600	656
601	237
601	384
601	411
602	497
602	512
603	491
603	533
603	636
604	30
604	115
604	323
604	583
605	56
605	118
605	280
605	342
605	361
606	33
606	121
607	634
609	128
609	199
609	355
609	515
609	546
609	588
609	610
610	25
610	211
610	355
610	362
610	515
610	579
610	580
610	609
610	622
610	632
611	128
611	621
611	639
611	648
611	651
612	351
612	478
612	499
612	615
613	128
613	556
613	639
614	211
615	264
615	363
615	612
615	656
616	350
616	354
616	355
616	627
616	635
616	655
617	498
618	33
618	513
619	203
619	240
619	387
619	397
620	298
620	301
620	312
620	429
621	348
621	413
621	501
621	574
621	611
621	651
622	431
622	556
622	610
623	258
623	363
623	442
623	568
623	636
625	441
625	483
625	594
626	356
626	655
627	350
627	492
627	588
627	616
627	635
628	150
629	436
629	579
629	580
630	651
631	439
631	568
632	82
632	199
632	534
632	550
632	560
632	573
632	580
632	595
632	610
632	647
633	314
633	465
633	498
633	518
634	239
634	409
634	512
634	607
635	354
635	492
635	616
635	627
636	413
636	603
636	623
636	651
637	390
637	642
637	643
638	597
638	651
639	243
639	351
639	373
639	501
639	556
639	600
639	611
639	613
639	656
640	199
640	424
640	545
640	579
640	599
641	164
641	305
641	384
641	577
642	42
642	275
642	637
643	363
643	637
644	355
644	362
644	464
644	478
644	492
645	348
645	478
645	660
647	300
647	595
647	632
647	649
648	314
648	339
648	368
648	413
648	428
648	429
648	465
648	468
648	510
648	518
648	532
648	590
648	593
648	611
649	647
650	243
650	272
651	196
651	300
651	465
651	552
651	574
651	611
651	621
651	630
651	636
651	638
653	660
654	423
655	119
655	199
655	362
655	499
655	616
655	626
655	660
656	198
656	483
656	556
656	600
656	615
656	639
657	301
659	10
659	15
659	34
659	54
659	57
659	164
659	266
659	415
659	467
659	493
660	119
660	273
660	351
660	357
660	363
660	390
660	499
660	597
660	645
660	653
660	655
661	62
661	135
661	178
661	203
661	204
661	316
661	332
661	341
661	414
661	476
661	563
662	128
662	504
662	556
