0	90
0	268
0	312
0	313
0	314
0	413
0	427
0	430
0	445
0	554
0	592
0	620
2	3
2	36
2	49
2	61
2	63
2	115
2	164
2	209
2	216
2	223
2	255
2	268
3	2
3	8
3	16
3	92
4	245
5	14
5	34
5	205
5	478
7	10
7	35
7	49
7	50
7	62
7	92
7	268
7	271
7	390
7	429
7	558
8	3
8	10
8	14
8	18
8	32
8	50
8	105
8	106
8	152
8	155
8	177
8	201
8	251
8	298
8	335
8	407
8	426
8	427
8	429
8	445
8	554
8	563
8	565
9	30
9	271
9	301
9	335
10	7
10	8
10	16
10	49
10	50
10	63
10	153
10	159
10	426
11	117
11	159
11	232
11	330
11	381
11	539
11	587
12	13
12	15
12	53
12	57
12	64
12	104
12	205
12	245
12	246
12	392
12	476
12	500
13	12
13	15
13	57
13	205
14	5
14	8
14	34
14	50
14	296
14	445
14	563
14	591
15	12
15	13
15	47
15	352
15	476
16	3
16	10
16	30
16	141
16	445
16	589
17	133
18	8
18	44
18	64
18	177
18	335
18	445
19	292
20	92
20	114
21	25
21	370
22	83
23	121
23	260
24	26
25	21
25	29
25	260
25	637
26	24
26	27
26	109
26	118
26	206
26	395
26	517
27	26
27	123
27	180
27	309
27	342
27	474
27	499
27	603
28	67
28	475
29	25
30	9
30	16
30	157
30	177
30	227
30	230
30	235
30	268
30	340
30	426
32	8
32	301
32	316
32	426
33	200
33	246
34	5
34	14
34	49
34	50
34	202
34	246
34	296
34	477
34	493
34	659
35	7
35	298
35	407
35	477
35	498
36	2
36	114
36	130
36	253
36	292
36	330
37	54
37	205
37	566
38	208
38	209
38	213
38	249
39	41
39	122
39	206
39	264
39	346
40	85
40	89
40	125
40	190
40	225
40	358
40	480
41	39
41	346
41	359
41	372
41	607
42	57
42	87
42	199
42	220
42	273
42	275
42	352
42	481
42	504
42	642
44	18
45	46
45	357
46	45
46	309
46	606
47	15
48	130
48	325
48	431
49	2
49	7
49	10
49	34
49	54
49	62
49	63
49	296
49	339
49	429
50	7
50	8
50	10
50	14
50	34
50	62
50	146
50	164
50	429
52	335
53	12
53	57
53	64
53	205
54	37
54	49
54	493
54	659
55	78
55	325
55	537
56	202
56	361
56	432
56	605
57	12
57	13
57	42
57	53
57	64
57	65
57	67
57	205
57	246
57	275
57	390
57	399
57	476
61	2
61	63
61	92
62	7
62	49
62	50
62	161
62	253
62	292
62	296
62	320
63	2
63	10
63	49
63	61
63	152
63	153
63	371
64	12
64	18
64	53
64	57
64	87
64	110
64	475
65	57
65	67
66	357
66	576
67	28
67	57
67	65
67	122
67	475
68	586
69	515
72	254
72	409
72	527
74	418
75	193
75	213
76	168
76	186
76	271
76	312
76	353
76	384
76	505
76	530
76	540
77	186
77	223
77	238
77	251
78	55
78	92
79	100
79	171
79	175
79	232
79	353
79	505
81	281
82	289
82	440
82	533
83	22
84	346
84	632
84	639
85	40
85	278
85	355
85	470
86	271
87	42
87	64
87	275
89	40
89	261
90	0
90	147
90	177
91	112
91	181
91	295
92	3
92	7
92	20
92	61
92	78
92	112
92	140
92	186
92	213
92	218
92	221
92	249
92	353
92	468
92	505
92	521
93	253
94	213
94	223
94	249
94	333
94	371
94	565
95	99
95	140
95	336
96	209
96	213
96	296
96	382
96	462
96	467
96	520
96	521
97	147
97	292
99	95
99	233
99	382
100	79
100	111
100	181
100	209
100	417
101	136
101	140
101	253
101	269
101	312
101	313
101	340
101	382
102	168
102	176
102	384
102	498
103	273
103	339
103	467
103	538
103	661
104	12
105	8
105	253
105	270
106	8
106	109
106	175
106	241
106	320
106	518
106	519
107	342
108	146
108	170
108	519
109	26
109	106
109	578
110	64
110	199
110	206
110	439
111	100
111	151
111	182
111	218
111	468
111	582
112	91
112	92
112	193
112	249
112	250
112	255
112	268
112	292
112	409
112	462
113	171
113	296
113	298
114	20
114	36
114	143
114	227
114	253
114	307
115	2
115	230
117	11
117	249
117	253
117	287
117	315
118	26
118	121
118	605
119	499
119	655
119	660
120	516
121	23
121	118
121	342
121	357
121	361
121	432
121	605
121	607
121	615
121	653
121	660
122	39
122	67
123	27
123	309
125	40
127	128
128	127
128	609
128	611
130	36
130	48
130	242
130	431
130	470
132	368
133	17
133	440
133	517
133	551
133	599
133	631
135	171
135	314
135	380
135	584
136	101
136	182
137	474
137	547
137	549
137	631
138	491
140	92
140	95
140	101
140	160
140	209
140	228
141	16
141	146
141	153
141	160
141	170
141	171
141	174
142	155
142	216
143	114
143	168
145	159
145	453
145	519
146	50
146	108
146	141
146	151
146	160
146	167
146	172
146	173
146	174
146	175
146	386
146	445
147	90
147	97
147	330
148	516
149	157
149	239
149	565
150	158
150	170
150	469
150	628
151	111
151	146
151	222
151	241
151	341
152	8
152	63
152	153
152	161
152	231
152	268
152	450
153	10
153	63
153	141
153	152
153	154
153	239
153	540
153	601
154	153
155	8
155	142
155	161
155	516
155	565
156	234
156	353
157	30
157	149
157	486
157	539
158	150
158	170
158	382
159	10
159	11
159	145
159	166
159	174
159	175
159	177
159	453
159	466
159	495
159	519
160	140
160	141
160	146
160	239
160	450
160	592
160	661
161	62
161	152
161	155
161	178
161	231
161	253
161	412
161	498
161	518
163	230
163	353
164	2
164	50
164	171
164	245
164	445
164	582
165	412
165	584
166	159
167	146
167	323
167	417
167	582
168	76
168	102
168	143
168	177
168	217
168	251
168	353
168	435
168	445
168	446
168	495
168	554
169	554
170	108
170	141
170	150
170	158
170	176
170	384
170	519
170	528
170	540
171	79
171	113
171	135
171	141
171	164
171	178
171	389
171	396
171	498
171	658
172	146
172	173
172	512
172	539
173	146
173	172
173	508
173	554
174	141
174	146
174	159
175	79
175	106
175	146
175	159
175	380
175	469
175	519
175	582
175	592
176	102
176	170
176	269
177	8
177	18
177	30
177	90
177	159
177	168
177	285
177	445
177	554
178	161
178	171
178	275
178	339
178	661
180	27
180	309
180	471
180	572
181	91
181	100
181	219
181	286
181	295
182	111
182	136
182	183
182	190
182	217
182	218
182	268
182	394
182	462
182	505
182	521
182	527
183	182
184	521
185	330
186	76
186	77
186	92
186	217
186	249
186	523
187	564
188	298
189	330
190	40
190	182
190	227
190	374
190	462
193	75
193	112
193	197
193	255
193	301
193	498
194	405
195	232
195	237
195	298
195	409
195	509
196	346
196	368
196	395
196	478
196	532
196	610
196	651
197	193
197	209
197	301
198	350
198	351
198	504
198	515
198	568
198	570
198	588
198	609
198	656
199	42
199	110
199	220
199	264
199	275
199	352
199	421
199	537
199	566
199	632
199	642
199	660
200	33
201	8
201	258
201	328
201	406
202	34
202	56
202	246
202	399
203	240
203	241
203	322
203	375
203	393
203	397
203	586
203	587
203	661
204	223
204	299
205	5
205	12
205	13
205	37
205	53
205	57
205	245
205	399
205	413
205	476
206	26
206	39
206	110
207	211
207	349
207	401
207	424
207	471
207	614
208	38
209	2
209	38
209	96
209	100
209	140
209	197
209	251
209	255
209	269
209	523
209	527
211	207
212	339
213	38
213	75
213	92
213	94
213	96
213	223
213	230
213	334
213	339
214	374
216	2
216	142
216	408
217	168
217	182
217	186
217	249
217	251
217	254
217	321
217	330
217	543
218	92
218	111
218	182
218	221
218	227
218	253
218	340
218	450
219	181
219	577
220	42
220	199
221	92
221	218
221	486
222	151
222	248
223	2
223	77
223	94
223	204
223	213
224	249
224	315
224	454
225	40
226	231
226	253
226	255
226	516
227	30
227	114
227	190
227	218
227	229
227	231
227	232
227	330
227	333
227	498
228	140
228	229
228	253
228	506
229	227
229	228
229	253
229	394
230	30
230	115
230	163
230	213
230	231
230	316
230	371
231	152
231	161
231	226
231	227
231	230
231	253
231	342
231	347
231	404
231	498
231	510
231	511
231	517
231	518
231	525
232	11
232	79
232	195
232	227
232	293
232	371
232	497
233	99
233	330
234	156
234	276
234	353
234	554
234	586
235	30
235	306
235	376
235	403
236	330
236	540
237	195
237	308
237	384
237	411
237	427
237	462
237	516
237	601
238	77
238	408
239	149
239	153
239	160
239	498
239	634
240	203
240	313
240	330
240	384
241	106
241	151
241	203
242	130
243	354
243	355
243	483
243	504
243	556
243	570
243	588
243	609
244	261
244	424
245	4
245	12
245	164
245	205
245	246
245	477
246	12
246	33
246	34
246	57
246	202
246	245
246	357
247	365
248	222
248	453
248	495
249	38
249	92
249	94
249	112
249	117
249	186
249	217
249	224
249	250
249	251
249	253
249	292
249	333
249	408
249	505
250	112
250	249
250	292
251	8
251	77
251	168
251	209
251	217
251	249
251	292
251	298
251	329
251	408
251	409
253	36
253	62
253	93
253	101
253	105
253	114
253	117
253	161
253	218
253	226
253	228
253	229
253	231
253	249
253	269
253	286
253	292
253	295
253	298
253	311
253	312
253	313
253	415
253	429
253	489
253	510
253	525
253	592
254	72
254	217
254	586
255	2
255	112
255	193
255	209
255	226
255	353
255	454
255	462
255	587
258	201
258	324
258	623
258	638
260	23
260	25
260	357
260	370
260	472
261	89
261	244
261	425
263	504
264	39
264	199
264	373
264	493
264	605
265	267
265	439
265	479
266	457
266	659
267	265
268	0
268	2
268	7
268	30
268	112
268	152
268	182
268	271
268	319
268	334
268	394
268	417
268	505
268	526
268	530
269	101
269	176
269	209
269	253
269	313
269	411
269	454
269	487
269	489
270	105
271	7
271	9
271	76
271	86
271	268
271	276
271	306
271	335
271	445
271	446
271	558
271	641
272	650
273	42
273	103
273	275
273	538
273	609
274	439
274	498
274	576
275	42
275	57
275	87
275	178
275	199
275	273
275	481
275	642
276	234
276	271
276	393
276	426
277	346
278	85
278	471
280	443
280	555
280	605
281	81
283	424
283	599
284	348
284	471
285	177
285	292
286	181
286	253
286	292
286	295
287	117
287	403
288	533
289	82
289	610
289	623
289	629
292	19
292	36
292	62
292	97
292	112
292	249
292	250
292	251
292	253
292	285
292	286
292	294
292	315
292	429
292	523
293	232
294	292
294	315
295	91
295	181
295	253
295	286
295	377
296	14
296	34
296	49
296	62
296	96
296	113
296	301
296	467
296	493
296	520
296	659
297	445
297	511
298	8
298	35
298	113
298	188
298	195
298	251
298	253
298	313
298	339
298	406
298	407
298	469
298	519
298	620
299	204
299	366
299	501
299	567
299	568
299	637
300	392
300	422
300	424
300	483
300	651
300	655
301	9
301	32
301	193
301	197
301	296
301	389
301	407
305	335
305	434
305	541
306	235
306	271
306	408
306	508
307	114
307	521
308	237
308	411
309	27
309	46
309	123
309	180
309	342
309	359
309	660
310	536
311	253
312	0
312	76
312	101
312	253
312	382
312	620
313	0
313	101
313	240
313	253
313	269
313	298
313	382
313	403
313	601
314	0
314	135
314	339
314	413
314	465
314	490
314	518
314	532
314	590
314	593
314	633
314	648
315	117
315	224
315	292
315	294
316	32
316	230
316	341
316	463
316	661
317	446
318	535
318	607
319	268
320	62
320	106
321	217
321	544
322	203
322	375
322	397
323	167
323	397
323	407
323	490
323	523
323	529
323	561
324	258
324	409
325	48
325	55
325	420
326	401
327	401
327	567
327	603
327	647
328	201
329	251
330	11
330	36
330	147
330	185
330	189
330	217
330	227
330	233
330	236
330	240
331	454
332	508
333	94
333	227
333	249
334	213
334	268
335	8
335	9
335	18
335	52
335	271
335	305
335	388
335	435
335	554
335	563
336	95
336	430
336	586
339	49
339	103
339	178
339	212
339	213
339	298
339	314
339	413
339	593
339	648
340	30
340	101
340	218
340	401
340	454
340	455
340	468
340	489
340	516
340	517
340	582
341	151
341	316
341	661
342	27
342	107
342	121
342	231
342	309
342	605
343	348
343	548
344	399
346	39
346	41
346	84
346	196
346	277
346	347
347	231
347	346
347	359
347	553
348	284
348	343
348	621
348	645
349	207
349	350
349	441
349	492
349	500
349	515
349	571
349	578
350	198
350	349
350	351
350	355
350	443
350	483
350	557
350	580
350	624
350	627
350	644
350	652
351	198
351	350
351	483
351	515
351	568
351	579
351	609
351	610
351	639
351	644
351	656
352	15
352	42
352	199
353	76
353	79
353	92
353	156
353	163
353	168
353	234
353	255
353	393
353	403
353	516
353	526
353	544
353	586
354	243
354	355
354	492
354	567
354	627
355	85
355	243
355	350
355	354
355	609
355	616
355	627
355	635
355	644
356	626
357	45
357	66
357	121
357	246
357	260
357	392
357	567
357	660
358	40
359	41
359	309
359	347
360	572
361	56
361	121
361	605
362	464
362	578
365	247
365	424
365	436
365	599
366	299
366	533
366	568
366	569
366	573
368	132
368	196
368	413
368	532
368	559
368	575
368	593
368	603
368	648
369	552
370	21
370	260
371	63
371	94
371	230
371	232
372	41
373	264
373	576
373	609
373	610
373	662
374	190
374	214
374	446
374	577
375	203
375	322
375	409
376	235
377	295
377	593
379	380
379	661
380	135
380	175
380	379
380	387
380	529
380	563
381	11
381	387
381	389
382	96
382	99
382	101
382	158
382	312
382	313
383	425
383	436
384	76
384	102
384	170
384	237
384	240
384	530
384	540
385	530
385	540
386	146
386	387
386	455
386	554
387	380
387	381
387	386
387	488
387	581
387	586
387	619
388	335
388	661
389	171
389	301
389	381
389	463
390	7
390	57
390	645
392	12
392	300
392	357
393	203
393	276
393	353
393	589
394	182
394	229
394	268
394	505
395	26
395	196
395	433
395	515
395	580
395	627
395	654
396	171
396	582
397	203
397	322
397	323
397	619
399	57
399	202
399	205
399	344
399	475
401	207
401	326
401	327
401	340
401	410
401	458
401	548
401	647
403	235
403	287
403	313
403	353
403	542
404	231
404	516
405	194
405	598
405	634
406	201
406	298
406	411
406	498
406	657
407	8
407	35
407	298
407	301
407	323
407	497
408	216
408	238
408	249
408	251
408	306
408	409
408	586
409	72
409	112
409	195
409	251
409	324
409	375
409	408
409	427
409	429
409	523
409	634
410	401
411	237
411	269
411	308
411	406
411	601
411	602
412	161
412	165
412	633
413	0
413	205
413	314
413	339
413	368
413	428
413	468
413	490
413	532
413	565
413	575
413	590
413	593
413	603
413	636
413	648
414	661
415	253
415	592
416	618
417	100
417	167
417	268
417	544
417	582
418	74
418	436
420	325
421	199
422	300
422	553
422	576
424	207
424	244
424	283
424	300
424	365
424	439
424	568
424	580
424	599
424	640
425	261
425	383
425	578
426	8
426	10
426	30
426	32
426	276
426	582
426	620
427	0
427	8
427	237
427	409
427	592
428	413
428	636
428	648
429	7
429	8
429	49
429	50
429	253
429	292
429	409
430	0
430	336
430	586
430	592
431	48
431	130
431	622
432	56
432	121
432	500
433	395
433	444
433	461
433	498
433	517
433	555
433	579
433	580
433	597
433	598
433	617
433	653
434	305
434	446
435	168
435	335
435	563
436	365
436	383
436	418
436	441
436	629
437	472
437	630
439	110
439	265
439	274
439	424
439	631
440	82
440	133
440	551
441	349
441	436
441	443
441	652
443	280
443	350
443	441
443	461
443	571
443	625
443	645
444	433
444	566
444	653
445	0
445	8
445	14
445	16
445	18
445	146
445	164
445	168
445	177
445	271
445	297
445	446
445	449
445	468
445	554
446	168
446	271
446	317
446	374
446	434
446	445
447	563
448	485
449	445
449	554
450	152
450	160
450	218
451	453
451	517
453	145
453	159
453	248
453	451
453	592
454	224
454	255
454	269
454	331
454	340
454	487
454	488
455	340
455	386
457	266
457	578
458	401
458	553
458	599
461	433
461	443
461	483
461	494
461	517
461	616
461	624
461	626
461	646
461	654
462	96
462	112
462	182
462	190
462	237
462	255
463	316
463	389
464	362
464	473
464	644
464	655
465	314
465	575
465	633
465	648
465	651
466	159
466	508
467	96
467	103
467	296
467	633
467	659
468	92
468	111
468	340
468	413
468	445
468	508
469	150
469	175
469	298
469	591
470	85
470	130
471	180
471	207
471	278
471	284
472	260
472	437
473	464
474	27
474	137
474	478
475	28
475	64
475	67
475	399
476	12
476	15
476	57
476	205
477	34
477	35
477	245
477	552
477	592
478	5
478	196
478	474
478	644
479	265
479	518
479	533
479	603
480	40
480	599
481	42
481	275
483	243
483	300
483	350
483	351
483	461
483	625
485	448
486	157
486	221
487	269
487	454
488	387
488	454
488	591
489	253
489	269
489	340
490	314
490	323
490	413
490	529
490	591
490	592
490	593
491	138
491	603
492	349
492	354
492	610
492	625
492	635
492	644
492	652
492	655
493	34
493	54
493	264
493	296
493	538
494	461
494	499
494	578
495	159
495	168
495	248
496	642
497	232
497	407
497	602
498	35
498	102
498	161
498	171
498	193
498	227
498	231
498	239
498	274
498	406
498	433
498	519
498	555
498	617
498	631
498	633
499	27
499	119
499	494
499	578
499	580
499	645
499	655
499	660
500	12
500	349
500	432
500	580
501	299
501	597
501	627
502	549
504	42
504	198
504	243
504	263
505	76
505	79
505	92
505	182
505	249
505	268
505	394
506	228
506	526
508	173
508	306
508	332
508	466
508	468
509	195
510	231
510	253
511	231
511	297
512	172
513	618
515	69
515	198
515	349
515	351
515	395
515	555
515	579
516	120
516	148
516	155
516	226
516	237
516	340
516	353
516	404
516	604
517	26
517	133
517	231
517	340
517	433
517	451
517	461
517	654
518	106
518	161
518	231
518	314
518	479
519	106
519	108
519	145
519	159
519	170
519	175
519	298
519	498
520	96
520	296
520	538
521	92
521	96
521	182
521	184
521	307
521	522
521	523
522	521
523	186
523	209
523	292
523	323
523	409
523	521
523	524
524	523
525	231
525	253
526	268
526	353
526	506
527	72
527	182
527	209
528	170
529	323
529	380
529	490
530	76
530	268
530	384
530	385
530	601
532	196
532	314
532	368
532	413
532	593
533	82
533	288
533	366
533	479
533	573
533	603
533	631
534	560
534	580
535	318
536	310
537	55
537	199
538	103
538	273
538	493
538	520
539	11
539	157
539	172
540	76
540	153
540	170
540	236
540	384
540	385
540	601
541	305
541	543
541	561
542	403
543	217
543	541
543	586
544	321
544	353
544	417
545	557
547	137
547	568
548	343
548	401
548	647
549	137
549	502
550	560
551	133
551	440
552	369
552	477
553	347
553	422
553	458
553	594
553	625
554	0
554	8
554	168
554	169
554	173
554	177
554	234
554	335
554	386
554	445
554	449
554	563
554	589
555	280
555	433
555	498
555	515
555	593
555	605
555	613
556	243
557	350
557	545
558	7
558	271
558	559
559	368
559	558
559	597
560	534
560	550
560	610
561	323
561	541
562	661
563	8
563	14
563	335
563	380
563	435
563	447
563	554
563	589
563	641
563	661
564	187
564	586
564	641
565	8
565	94
565	149
565	155
565	413
566	37
566	199
566	444
567	299
567	327
567	354
567	357
568	198
568	299
568	351
568	366
568	424
568	547
568	623
568	629
568	631
568	637
568	647
568	656
569	366
570	198
570	243
571	349
571	443
571	605
571	616
571	652
571	656
572	180
572	360
572	607
573	366
573	533
574	636
575	368
575	413
575	465
576	66
576	274
576	373
576	422
576	596
576	597
576	607
576	631
577	219
577	374
577	582
577	641
578	109
578	349
578	362
578	425
578	457
578	494
578	499
578	625
578	645
578	647
579	351
579	433
579	515
579	580
579	597
579	610
579	629
579	631
579	640
580	350
580	395
580	424
580	433
580	499
580	500
580	534
580	579
580	627
580	629
580	647
580	655
581	387
581	582
582	111
582	164
582	167
582	175
582	340
582	396
582	417
582	426
582	577
582	581
582	641
584	135
584	165
586	68
586	203
586	234
586	254
586	336
586	353
586	387
586	408
586	430
586	543
586	564
587	11
587	203
587	255
588	198
588	243
589	16
589	393
589	554
589	563
590	314
590	413
591	14
591	469
591	488
591	490
592	0
592	160
592	175
592	253
592	415
592	427
592	430
592	453
592	477
592	490
593	314
593	339
593	368
593	377
593	413
593	490
593	532
593	555
593	636
593	648
594	553
595	610
595	647
596	576
596	610
596	630
597	433
597	501
597	559
597	576
597	579
598	405
598	433
598	653
599	133
599	283
599	365
599	424
599	458
599	480
599	640
601	153
601	237
601	313
601	411
601	530
601	540
602	411
602	497
603	27
603	327
603	368
603	413
603	479
603	491
603	533
604	516
605	56
605	118
605	121
605	264
605	280
605	342
605	361
605	555
605	571
606	46
607	41
607	121
607	318
607	572
607	576
607	634
608	637
609	128
609	198
609	243
609	273
609	351
609	355
609	373
609	613
609	623
609	637
609	644
609	655
610	196
610	289
610	351
610	373
610	492
610	560
610	579
610	595
610	596
610	627
610	632
610	647
610	654
611	128
611	651
613	555
613	609
613	656
614	207
615	121
615	656
616	355
616	461
616	571
617	433
617	498
617	633
618	416
618	513
619	387
619	397
620	0
620	298
620	312
620	426
620	657
621	348
621	636
621	651
622	431
623	258
623	289
623	568
623	609
623	636
624	350
624	461
624	627
624	652
624	655
625	443
625	483
625	492
625	553
625	578
625	626
625	656
626	356
626	461
626	625
626	652
626	655
627	350
627	354
627	355
627	395
627	501
627	580
627	610
627	624
627	635
627	644
627	652
627	655
628	150
629	289
629	436
629	568
629	579
629	580
630	437
630	596
630	651
631	133
631	137
631	439
631	498
631	533
631	568
631	576
631	579
632	84
632	199
632	610
633	314
633	412
633	465
633	467
633	498
633	617
634	239
634	405
634	409
634	607
635	355
635	492
635	627
636	413
636	428
636	574
636	593
636	621
636	623
637	25
637	299
637	568
637	608
637	609
637	642
638	258
639	84
639	351
640	424
640	579
640	599
641	271
641	563
641	564
641	577
641	582
642	42
642	199
642	275
642	496
642	637
644	350
644	351
644	355
644	464
644	478
644	492
644	609
644	627
645	348
645	390
645	443
645	499
645	578
645	653
645	660
646	461
647	327
647	401
647	548
647	568
647	578
647	580
647	595
647	610
648	314
648	339
648	368
648	413
648	428
648	465
648	593
650	272
651	196
651	300
651	465
651	611
651	621
651	630
652	350
652	441
652	492
652	571
652	624
652	626
652	627
653	121
653	433
653	444
653	598
653	645
654	395
654	461
654	517
654	610
655	119
655	300
655	464
655	492
655	499
655	580
655	609
655	624
655	626
655	627
655	660
656	198
656	351
656	568
656	571
656	613
656	615
656	625
657	406
657	620
658	171
659	34
659	54
659	266
659	296
659	467
660	119
660	121
660	199
660	309
660	357
660	499
660	645
660	655
661	103
661	160
661	178
661	203
661	316
661	341
661	379
661	388
661	414
661	562
661	563
662	373
