0	157
0	203
0	311
0	332
0	406
0	428
0	430
0	445
0	449
0	487
0	489
0	648
1	92
2	62
2	115
2	209
3	8
3	62
3	298
5	14
5	57
5	104
5	419
5	478
8	3
8	52
8	92
8	98
8	152
8	155
8	251
8	335
8	407
8	554
8	563
9	30
9	157
9	174
9	335
10	14
10	32
10	164
10	404
10	406
10	415
10	511
11	14
11	16
11	117
11	172
11	233
11	239
11	336
11	539
11	541
11	564
12	47
12	54
12	65
12	246
13	57
13	164
13	205
13	245
13	246
13	478
14	5
14	10
14	11
14	34
14	54
14	62
14	104
14	150
14	296
14	298
14	399
14	426
14	429
14	445
14	467
15	35
15	44
15	54
15	57
15	659
16	11
16	141
16	305
16	445
17	133
18	44
18	55
18	65
18	335
18	554
19	62
19	97
19	371
20	112
20	114
21	25
21	264
21	370
22	46
22	123
22	138
22	180
22	288
23	324
23	361
24	26
25	21
25	65
25	260
25	475
26	24
26	400
26	442
27	342
28	67
29	357
29	646
30	9
30	126
30	172
30	322
30	333
30	340
30	382
30	426
30	445
30	454
30	489
30	516
30	604
32	10
32	301
33	58
33	64
33	246
34	14
34	54
34	57
34	58
34	62
34	103
34	104
34	296
34	399
34	467
34	493
34	659
35	15
35	57
35	62
35	164
35	245
35	296
35	298
35	477
35	498
36	38
36	90
36	112
36	114
36	294
36	315
37	54
37	65
37	493
38	36
38	92
38	114
38	142
38	147
38	209
38	216
38	234
38	251
39	122
40	85
40	125
40	358
40	570
42	199
42	275
43	112
44	15
44	18
45	118
45	260
45	357
46	22
46	84
46	180
47	12
49	78
49	296
50	659
51	335
51	404
51	426
51	447
52	8
53	57
53	64
54	12
54	14
54	15
54	34
54	37
54	57
54	273
54	493
54	642
54	658
54	659
55	18
55	78
55	325
56	202
56	266
56	363
56	605
57	5
57	13
57	15
57	34
57	35
57	53
57	54
57	64
57	103
57	164
57	199
57	205
57	245
57	246
57	339
57	390
57	399
57	477
57	500
57	658
58	33
58	34
58	202
58	598
59	270
62	2
62	3
62	14
62	19
62	34
62	35
62	92
62	97
62	112
62	114
62	161
62	163
62	164
62	248
62	249
62	251
62	253
62	292
62	294
62	429
62	466
62	467
64	33
64	53
64	57
64	65
64	110
64	273
64	475
65	12
65	18
65	25
65	37
65	64
65	67
65	164
65	246
65	260
67	28
67	65
68	144
68	402
72	336
72	527
72	586
74	89
74	144
74	264
74	418
74	480
75	99
75	126
75	193
75	213
75	255
75	301
75	409
76	186
76	304
76	384
77	92
77	112
77	268
77	291
78	49
78	55
78	112
79	175
79	217
79	228
79	236
79	276
79	321
79	389
80	373
80	613
81	281
82	579
83	133
83	198
83	260
83	351
83	357
84	46
84	442
84	464
84	568
84	637
85	40
85	278
86	542
87	246
87	275
87	538
89	74
89	116
90	36
90	248
90	287
90	409
90	495
90	540
91	117
91	181
91	208
91	236
91	251
91	286
91	292
91	294
91	523
92	1
92	8
92	38
92	62
92	77
92	95
92	99
92	101
92	105
92	112
92	177
92	186
92	213
92	218
92	268
93	167
93	182
93	268
95	92
95	99
95	101
95	336
95	415
96	213
96	520
97	19
97	62
97	114
97	147
97	197
97	209
97	251
97	253
97	528
98	8
98	218
98	292
98	523
99	75
99	92
99	95
99	233
99	285
99	294
99	429
100	111
100	209
101	92
101	95
101	253
101	269
101	311
101	382
101	430
101	454
101	489
101	544
102	170
102	176
102	384
102	525
103	34
103	57
103	178
103	273
103	409
103	490
103	493
103	538
103	587
103	658
104	5
104	14
104	34
104	520
105	92
105	135
105	162
105	193
105	226
105	227
105	233
106	294
106	320
106	516
107	342
108	141
108	157
108	173
108	174
108	466
108	511
108	516
109	122
109	653
110	64
110	199
111	100
111	182
112	20
112	36
112	43
112	62
112	77
112	78
112	92
112	181
112	182
112	193
112	197
112	228
112	249
112	255
112	268
112	291
112	292
112	353
112	409
112	542
114	20
114	36
114	38
114	62
114	97
114	227
115	2
115	159
115	227
116	89
117	11
117	91
117	231
117	251
117	286
117	287
117	293
117	315
117	403
117	523
118	45
118	119
118	260
118	555
118	605
119	118
119	424
119	499
119	655
119	660
120	204
120	516
121	432
122	39
122	109
122	359
123	22
123	180
125	40
126	30
126	75
126	149
126	155
126	218
126	255
127	556
127	609
127	610
127	662
128	504
128	611
130	431
132	603
133	17
133	83
133	440
134	485
135	105
135	397
135	490
135	584
135	619
135	661
136	217
136	490
137	547
137	617
138	22
138	491
140	316
141	16
141	108
141	142
141	145
141	146
141	149
141	153
141	157
141	159
141	160
141	161
141	162
141	164
141	166
141	173
141	174
141	175
142	38
142	141
142	153
142	155
142	174
142	175
142	176
142	209
142	213
142	216
142	427
143	174
144	68
144	74
144	172
144	251
144	276
145	141
145	159
145	163
145	175
145	176
145	371
145	398
145	453
145	510
145	519
145	562
146	141
147	38
147	97
147	294
149	126
149	141
149	157
149	163
149	175
149	194
149	216
149	239
149	251
149	316
149	409
149	463
149	539
149	565
150	14
150	155
150	158
150	175
150	191
150	371
150	469
150	490
150	519
150	593
150	628
151	160
151	203
152	8
152	156
152	162
152	226
152	227
152	269
152	332
152	334
152	511
152	516
153	141
153	142
153	388
155	8
155	126
155	142
155	150
155	176
155	516
155	565
156	152
156	165
156	173
156	174
156	222
156	322
156	452
156	540
156	586
157	0
157	9
157	108
157	141
157	149
157	158
157	175
157	386
157	397
157	463
157	508
157	519
157	539
157	587
158	150
158	157
158	159
158	382
159	115
159	141
159	145
159	158
159	175
159	466
159	495
160	141
160	151
160	165
160	192
160	332
161	62
161	141
161	516
162	105
162	141
162	152
162	165
162	452
163	62
163	145
163	149
163	371
163	468
163	633
164	10
164	13
164	35
164	57
164	62
164	65
164	141
164	246
164	449
164	477
164	478
164	582
165	156
165	160
165	162
165	175
165	192
165	412
165	427
165	584
166	141
166	406
167	93
167	182
167	268
167	417
167	429
167	445
167	449
167	468
167	554
167	561
167	582
168	317
168	445
168	446
170	102
170	176
170	384
171	389
171	619
172	11
172	30
172	144
172	173
172	398
172	466
172	539
173	108
173	141
173	156
173	172
173	449
173	529
173	554
174	9
174	108
174	141
174	142
174	143
174	156
174	176
174	405
174	498
174	519
174	529
174	617
175	79
175	141
175	142
175	145
175	149
175	150
175	157
175	159
175	165
175	468
175	511
175	628
176	102
176	142
176	145
176	155
176	170
176	174
176	178
176	222
176	269
177	92
177	233
177	238
177	285
177	344
178	103
178	176
178	341
178	430
178	520
178	661
180	22
180	46
180	123
181	91
181	112
181	182
181	286
182	93
182	111
182	112
182	167
182	181
182	185
182	189
182	190
182	209
182	217
182	286
182	394
182	468
184	190
185	182
185	186
185	189
186	76
186	92
186	185
186	209
186	217
186	249
186	251
186	523
187	586
189	182
189	185
190	182
190	184
190	403
190	462
190	530
191	150
191	306
191	544
192	160
192	165
193	75
193	105
193	112
193	197
193	248
193	255
193	301
193	498
194	149
194	405
194	454
195	237
195	270
195	398
195	409
195	509
195	516
196	442
196	549
197	97
197	112
197	193
197	209
197	301
198	83
198	350
198	351
198	515
198	568
198	613
199	42
199	57
199	110
199	220
199	273
199	474
199	566
200	552
201	328
201	406
202	56
202	58
202	246
202	361
202	399
203	0
203	151
203	240
203	241
203	322
203	340
203	353
203	379
203	393
203	517
203	587
203	661
204	120
204	551
205	13
205	57
207	211
207	418
208	91
209	2
209	38
209	97
209	100
209	142
209	182
209	186
209	197
209	216
209	221
209	255
209	523
209	525
209	527
209	541
211	207
211	614
212	339
213	75
213	92
213	96
213	142
213	230
213	339
214	374
216	38
216	142
216	149
216	209
217	79
217	136
217	182
217	186
217	249
217	330
217	525
217	526
218	92
218	98
218	126
218	221
218	341
218	371
219	577
220	199
221	209
221	218
221	268
221	486
222	156
222	176
222	316
222	451
224	463
226	105
226	152
226	231
226	251
226	316
226	519
227	105
227	114
227	115
227	152
227	228
227	229
227	231
227	291
227	333
227	353
227	498
228	79
228	112
228	227
228	253
228	304
228	306
228	525
228	526
229	227
229	231
229	235
229	394
230	213
231	117
231	226
231	227
231	229
231	253
231	405
231	498
231	510
231	517
233	11
233	99
233	105
233	177
233	322
233	330
233	353
233	585
234	38
234	434
234	452
235	229
235	240
235	306
235	330
235	337
235	403
235	542
236	79
236	91
236	388
236	489
236	524
237	195
237	269
237	411
237	462
237	516
237	601
238	177
238	285
238	409
238	468
239	11
239	149
239	297
239	332
239	466
239	498
240	203
240	235
240	269
240	382
240	384
240	641
241	203
242	281
243	354
243	373
243	570
245	13
245	35
245	57
246	12
246	13
246	33
246	57
246	65
246	87
246	164
246	202
246	257
246	260
246	357
246	399
246	476
246	500
247	365
248	62
248	90
248	193
248	453
248	495
249	62
249	112
249	186
249	217
249	251
249	409
250	291
250	409
250	428
251	8
251	38
251	62
251	91
251	97
251	117
251	144
251	149
251	186
251	226
251	249
251	291
251	292
251	294
251	315
251	329
251	393
251	406
251	408
251	409
251	524
252	301
252	374
252	388
253	62
253	97
253	101
253	228
253	231
253	269
253	311
253	331
253	510
253	526
253	592
254	525
255	75
255	112
255	126
255	193
255	209
255	353
255	462
257	246
258	339
260	25
260	45
260	65
260	83
260	118
260	246
260	357
260	370
260	418
260	497
260	596
261	425
263	351
264	21
264	74
265	421
266	56
266	364
266	457
267	274
267	532
267	551
268	77
268	92
268	93
268	112
268	167
268	221
268	271
268	319
268	409
268	417
268	434
268	435
268	526
268	541
268	583
269	101
269	152
269	176
269	237
269	240
269	253
269	311
269	313
269	411
269	489
269	490
270	59
270	195
270	367
271	268
271	321
271	335
272	556
272	578
272	613
273	54
273	64
273	103
273	199
273	538
274	267
274	439
275	42
275	87
275	642
276	79
276	144
276	317
276	344
278	85
280	571
281	81
281	242
282	471
283	551
284	345
285	99
285	177
285	238
285	292
285	294
285	298
286	91
286	117
286	181
286	182
286	292
286	294
287	90
287	117
287	403
288	22
288	373
288	413
288	552
288	590
288	638
289	457
289	623
289	629
290	468
290	527
291	77
291	112
291	227
291	250
291	251
291	294
291	295
291	315
291	403
291	525
292	62
292	91
292	98
292	112
292	251
292	285
292	286
292	294
292	315
292	527
292	542
293	117
293	304
293	497
294	36
294	62
294	91
294	99
294	106
294	147
294	251
294	285
294	286
294	291
294	292
294	315
294	523
295	291
295	316
296	14
296	34
296	35
296	49
296	301
296	467
296	538
296	659
297	239
298	3
298	14
298	35
298	285
298	339
298	406
298	407
298	458
298	469
299	349
299	533
299	567
300	351
300	392
300	423
300	545
300	608
300	629
300	651
301	32
301	75
301	193
301	197
301	252
301	296
301	317
301	389
304	76
304	228
304	293
304	661
305	16
305	317
305	374
305	403
305	446
305	542
306	191
306	228
306	235
306	371
306	508
307	521
308	411
309	342
310	536
311	0
311	101
311	253
311	269
311	415
311	429
312	382
312	488
312	540
313	269
314	490
314	593
314	633
315	36
315	117
315	251
315	291
315	292
315	294
315	377
315	409
315	523
315	542
316	140
316	149
316	222
316	226
316	295
316	340
316	341
316	381
316	414
316	463
316	661
317	168
317	276
317	301
317	305
317	445
317	446
317	453
317	495
317	584
318	535
319	268
320	106
321	79
321	271
321	334
321	463
322	30
322	156
322	203
322	233
322	397
322	516
323	397
324	23
324	409
325	55
325	549
327	456
327	491
327	603
328	201
329	251
330	217
330	233
330	235
330	527
331	253
331	454
332	0
332	152
332	160
332	239
332	407
332	412
332	463
332	519
332	539
332	661
333	30
333	227
334	152
334	321
334	511
334	516
334	583
335	8
335	9
335	18
335	51
335	271
335	446
335	563
336	11
336	72
336	95
337	235
339	57
339	212
339	213
339	258
339	298
339	413
339	428
339	465
339	617
339	648
340	30
340	203
340	316
340	386
340	449
340	489
341	178
341	218
341	316
341	661
342	27
342	107
342	309
343	348
343	548
344	177
344	276
344	399
344	434
345	284
345	357
346	347
347	346
347	553
348	343
348	473
349	299
349	350
349	351
349	395
349	500
349	555
349	570
349	579
349	616
350	198
350	349
350	351
350	441
350	492
350	570
350	616
350	625
350	627
350	635
351	83
351	198
351	263
351	300
351	349
351	350
351	444
351	515
351	547
351	557
351	571
351	579
351	626
351	639
351	656
351	660
353	112
353	203
353	227
353	233
353	255
353	468
353	516
354	243
355	616
355	627
356	419
356	443
357	29
357	45
357	83
357	246
357	260
357	345
358	40
359	122
361	23
361	202
361	432
361	443
361	600
362	492
363	56
363	574
364	266
364	409
364	411
365	247
365	421
365	545
366	533
366	555
366	569
366	573
367	270
368	551
368	593
369	574
370	21
370	260
370	566
371	19
371	145
371	150
371	163
371	218
371	306
371	489
373	80
373	243
373	288
373	501
373	556
373	643
373	662
374	214
374	252
374	305
374	577
375	409
376	382
377	315
378	386
378	397
378	529
378	584
379	203
379	449
379	562
379	589
379	661
381	316
382	30
382	101
382	158
382	240
382	312
382	376
382	429
382	488
382	657
383	390
383	436
383	531
383	629
384	76
384	102
384	170
384	240
384	385
384	405
384	530
385	384
385	601
386	157
386	340
386	378
386	397
386	455
386	487
387	619
388	153
388	236
388	252
388	409
388	434
388	661
389	79
389	171
389	301
389	463
390	57
390	383
390	555
390	615
391	484
392	300
393	203
393	251
393	445
393	446
393	584
394	182
394	229
394	462
395	349
395	442
395	461
395	515
395	537
395	549
395	555
395	629
395	630
397	135
397	157
397	322
397	323
397	378
397	386
397	449
397	619
398	145
398	172
398	195
398	413
398	518
398	565
399	14
399	34
399	57
399	202
399	246
399	344
399	437
399	501
399	658
400	26
401	456
402	68
402	583
402	604
403	117
403	190
403	235
403	287
403	291
403	305
404	10
404	51
404	516
405	174
405	194
405	231
405	384
405	539
405	634
406	0
406	10
406	166
406	201
406	251
406	298
406	407
406	411
406	429
406	498
406	657
407	8
407	298
407	332
407	406
407	497
408	251
408	409
409	75
409	90
409	103
409	112
409	149
409	195
409	238
409	249
409	250
409	251
409	268
409	315
409	324
409	364
409	375
409	388
409	408
409	427
409	429
409	463
409	468
409	523
409	542
409	587
409	634
411	237
411	269
411	308
411	364
411	406
411	601
412	165
412	332
412	633
413	288
413	339
413	398
413	468
413	490
413	593
413	603
413	633
413	636
414	316
414	562
414	661
415	10
415	95
415	311
415	434
417	167
417	268
417	526
417	582
418	74
418	207
418	260
418	436
419	5
419	356
419	420
419	568
419	656
420	419
421	265
421	365
422	553
423	300
423	424
423	572
423	576
424	119
424	423
424	456
424	551
424	599
424	608
424	640
425	261
426	14
426	30
426	51
427	142
427	165
427	409
427	465
428	0
428	250
428	339
428	430
428	468
428	586
428	593
428	636
428	648
429	14
429	62
429	99
429	167
429	311
429	382
429	406
429	409
429	430
429	445
429	449
429	489
430	0
430	101
430	178
430	428
430	429
431	130
432	121
432	361
432	625
432	627
433	653
434	234
434	268
434	344
434	388
434	415
434	445
434	446
434	495
434	641
435	268
435	445
435	446
436	383
436	418
436	456
436	629
437	399
437	501
437	630
439	274
439	631
440	133
441	350
441	492
441	571
441	616
441	625
441	644
442	26
442	84
442	196
442	395
442	461
442	515
442	578
442	597
442	610
442	615
442	625
443	356
443	361
444	351
444	653
445	0
445	14
445	16
445	30
445	167
445	168
445	317
445	393
445	429
445	434
445	435
445	449
445	468
445	487
445	554
446	168
446	305
446	317
446	335
446	393
446	434
446	435
447	51
447	544
448	485
449	0
449	164
449	167
449	173
449	340
449	379
449	397
449	429
449	445
449	489
449	554
449	584
451	222
451	517
452	156
452	162
452	234
453	145
453	248
453	317
453	495
453	650
454	30
454	101
454	194
454	331
454	487
455	386
456	327
456	401
456	424
456	436
456	531
456	595
456	647
457	266
457	289
457	611
458	298
459	460
460	459
461	395
461	442
461	517
461	616
461	624
461	646
462	190
462	237
462	255
462	394
463	149
463	157
463	224
463	316
463	321
463	332
463	389
463	409
464	84
465	339
465	427
465	490
465	633
465	648
466	62
466	108
466	159
466	172
466	239
467	14
467	34
467	62
467	296
468	163
468	167
468	175
468	182
468	238
468	290
468	353
468	409
468	413
468	428
468	445
468	519
468	522
468	531
468	590
469	150
469	298
469	633
471	282
473	348
474	199
474	502
475	25
475	64
476	246
476	477
476	661
477	35
477	57
477	164
477	476
478	5
478	13
478	164
478	547
478	549
478	595
479	533
480	74
483	624
483	635
484	391
485	134
485	448
486	221
487	0
487	386
487	445
487	454
487	519
487	554
488	312
488	382
489	0
489	30
489	101
489	236
489	269
489	340
489	371
489	429
489	449
490	103
490	135
490	136
490	150
490	269
490	314
490	413
490	465
490	529
490	593
491	138
491	327
491	603
492	350
492	362
492	441
492	615
492	616
492	624
492	627
492	635
492	655
493	34
493	37
493	54
493	103
493	538
493	659
495	90
495	159
495	248
495	317
495	434
495	453
497	260
497	293
497	407
497	602
498	35
498	174
498	193
498	227
498	231
498	239
498	406
498	555
498	617
498	633
499	119
499	579
500	57
500	246
500	349
500	580
501	373
501	399
501	437
501	556
501	597
501	613
501	643
502	474
504	128
504	570
506	525
506	526
508	157
508	306
509	195
510	145
510	231
510	253
511	10
511	108
511	152
511	175
511	334
513	618
514	569
515	198
515	351
515	395
515	442
515	579
515	580
515	653
515	655
516	30
516	106
516	108
516	120
516	152
516	155
516	161
516	195
516	237
516	322
516	334
516	353
516	404
516	555
516	604
517	203
517	231
517	451
517	461
518	398
518	633
519	145
519	150
519	157
519	174
519	226
519	332
519	468
519	487
520	96
520	104
520	178
520	538
521	307
522	468
522	527
523	91
523	98
523	117
523	186
523	209
523	294
523	315
523	409
523	524
524	236
524	251
524	523
524	542
525	102
525	209
525	217
525	228
525	254
525	291
525	506
525	526
525	561
526	217
526	228
526	253
526	268
526	417
526	506
526	525
527	72
527	209
527	290
527	292
527	330
527	522
528	97
529	173
529	174
529	378
529	490
529	619
530	190
530	384
531	383
531	456
531	468
532	267
532	551
532	574
532	575
532	593
532	603
533	299
533	366
533	479
533	603
534	550
534	560
535	318
536	310
537	395
537	595
537	610
537	625
538	87
538	103
538	273
538	296
538	493
538	520
538	661
539	11
539	149
539	157
539	172
539	332
539	405
540	90
540	156
540	312
541	11
541	209
541	268
542	86
542	112
542	235
542	292
542	305
542	315
542	409
542	524
543	544
544	101
544	191
544	447
544	543
544	581
545	300
545	365
545	599
547	137
547	351
547	478
547	568
547	595
548	343
549	196
549	325
549	395
549	478
549	557
549	610
550	534
550	560
550	632
551	204
551	267
551	283
551	368
551	424
551	532
551	575
552	200
552	288
553	347
553	422
553	594
553	608
553	625
554	8
554	18
554	167
554	173
554	445
554	449
554	487
554	563
555	118
555	349
555	366
555	390
555	395
555	498
555	516
555	598
555	638
555	653
556	127
556	272
556	373
556	501
556	613
556	662
557	351
557	549
557	570
557	608
557	616
558	559
558	629
559	558
559	597
560	534
560	550
560	579
560	632
561	167
561	525
562	145
562	379
562	414
562	584
563	8
563	335
563	554
563	589
563	661
564	11
565	149
565	155
565	398
566	199
566	370
566	658
567	299
568	84
568	198
568	419
568	547
568	629
569	366
569	514
569	573
570	40
570	243
570	349
570	350
570	504
570	557
570	613
570	662
571	280
571	351
571	441
571	605
571	616
571	625
571	626
572	423
572	607
573	366
573	569
574	363
574	369
574	532
574	590
574	611
574	636
575	532
575	551
576	423
576	596
577	219
577	374
578	272
578	442
578	596
578	625
579	82
579	349
579	351
579	499
579	515
579	560
579	580
579	597
579	610
579	660
580	500
580	515
580	579
580	610
580	632
581	544
582	164
582	167
582	417
583	268
583	334
583	402
583	604
584	135
584	165
584	317
584	378
584	393
584	449
584	562
585	233
586	72
586	156
586	187
586	428
587	103
587	157
587	203
587	409
588	627
589	379
589	563
590	288
590	468
590	574
592	253
593	150
593	314
593	368
593	413
593	428
593	490
593	532
593	636
593	648
594	553
595	456
595	478
595	537
595	547
595	647
596	260
596	576
596	578
597	442
597	501
597	559
597	579
597	629
598	58
598	555
599	424
599	545
599	640
600	361
601	237
601	385
601	411
602	497
603	132
603	327
603	413
603	491
603	532
603	533
603	636
604	30
604	402
604	516
604	583
605	56
605	118
605	571
605	615
607	572
608	300
608	424
608	553
608	557
608	611
608	629
609	127
610	127
610	442
610	537
610	549
610	579
610	580
611	128
611	457
611	574
611	608
611	643
611	651
611	656
612	615
613	80
613	198
613	272
613	501
613	556
613	570
613	639
613	656
613	662
614	211
615	390
615	442
615	492
615	605
615	612
615	656
616	349
616	350
616	355
616	441
616	461
616	492
616	557
616	571
616	624
616	635
617	137
617	174
617	339
617	498
617	633
618	513
618	646
619	135
619	171
619	387
619	397
619	529
621	636
623	289
623	636
624	461
624	483
624	492
624	616
624	626
625	350
625	432
625	441
625	442
625	537
625	553
625	571
625	578
625	656
626	351
626	571
626	624
627	350
627	355
627	432
627	492
627	588
628	150
628	175
629	289
629	300
629	383
629	395
629	436
629	558
629	568
629	597
629	608
630	395
630	437
631	439
632	550
632	560
632	580
633	163
633	314
633	412
633	413
633	465
633	469
633	498
633	518
633	617
633	636
634	405
634	409
635	350
635	483
635	492
635	616
636	413
636	428
636	574
636	593
636	603
636	621
636	623
636	633
637	84
637	642
638	288
638	555
639	351
639	613
640	424
640	599
641	240
641	434
642	54
642	275
642	637
643	373
643	501
643	611
644	441
646	29
646	461
646	618
647	456
647	595
648	0
648	339
648	428
648	465
648	593
650	453
651	300
651	611
653	109
653	433
653	444
653	515
653	555
655	119
655	492
655	515
656	351
656	419
656	611
656	613
656	615
656	625
657	382
657	406
658	54
658	57
658	103
658	399
658	566
659	15
659	34
659	50
659	54
659	296
659	493
660	119
660	351
660	579
661	135
661	178
661	203
661	304
661	316
661	332
661	341
661	379
661	388
661	414
661	476
661	538
661	563
662	127
662	373
662	556
662	570
662	613
