0	10
0	101
0	163
0	203
0	239
0	269
0	297
0	379
0	386
0	429
0	445
0	449
0	506
0	620
0	648
0	657
1	2
1	86
1	92
1	98
2	1
2	209
2	213
2	216
4	5
5	4
5	34
5	419
5	467
5	472
5	614
7	35
7	271
8	9
8	10
8	155
8	164
9	8
9	23
9	30
9	335
10	0
10	8
10	11
10	467
11	10
11	16
11	30
11	32
11	36
11	52
11	68
11	72
11	91
11	167
11	173
11	181
11	218
11	232
11	268
11	334
11	336
11	381
11	452
11	543
11	564
11	581
12	57
12	65
12	246
13	15
13	53
13	57
13	246
14	34
14	399
14	445
15	13
15	44
15	53
15	65
15	659
16	11
16	141
17	133
18	44
19	188
19	215
19	251
20	114
21	25
21	39
21	65
21	118
21	260
21	373
22	83
22	138
22	288
23	9
23	345
23	361
23	473
25	21
25	83
25	345
26	110
27	309
27	474
28	67
28	122
28	390
29	246
29	273
29	418
29	472
29	646
30	9
30	11
30	32
30	101
30	126
30	152
30	161
30	218
30	230
30	268
30	415
30	426
30	429
30	445
30	449
30	508
30	516
30	563
31	276
32	11
32	30
32	239
32	301
32	335
33	246
33	345
33	388
33	416
34	5
34	14
34	58
34	246
34	467
34	493
34	659
35	7
35	75
35	246
35	298
35	477
36	11
36	90
37	54
37	352
37	493
37	657
38	147
38	209
39	21
39	262
39	346
39	347
39	534
40	85
40	358
42	199
42	482
42	642
44	15
44	18
45	46
45	345
46	45
46	309
48	350
48	470
51	447
51	563
52	11
52	167
53	13
53	15
53	55
53	57
53	164
53	246
53	352
53	486
54	37
54	493
54	659
55	53
56	58
56	202
56	361
56	363
56	373
56	448
57	12
57	13
57	53
57	64
57	103
57	221
57	390
57	476
57	486
58	34
58	56
58	202
58	246
58	266
58	432
59	270
61	521
61	582
62	163
62	251
62	320
64	57
64	87
64	475
65	12
65	15
65	21
65	246
65	352
67	28
68	11
68	543
69	515
72	11
72	527
74	264
74	480
74	594
75	35
75	92
75	99
75	100
75	126
75	193
75	213
75	251
75	255
75	301
75	409
76	384
76	403
76	447
76	540
79	276
79	389
79	526
80	625
82	533
82	560
83	22
83	25
83	110
84	419
84	442
84	568
84	637
85	40
85	278
85	355
85	470
86	1
86	191
86	268
86	317
86	540
87	64
87	352
87	475
87	546
88	199
90	36
90	250
90	287
90	429
90	495
91	11
91	181
91	219
91	233
91	251
91	290
91	295
92	1
92	75
92	99
92	112
92	197
92	213
92	394
92	586
94	213
94	218
94	239
96	213
97	253
98	1
99	75
99	92
99	101
99	193
99	213
99	233
99	248
99	252
99	285
99	294
99	320
99	454
100	75
100	417
100	465
101	0
101	30
101	99
101	269
101	340
101	377
101	454
101	490
101	544
101	657
102	170
102	312
102	385
102	498
102	544
103	57
103	222
103	273
103	339
103	447
103	467
103	493
103	538
103	587
103	661
105	218
105	223
105	233
105	241
105	333
105	453
106	151
106	320
106	518
107	109
107	342
108	158
109	107
109	139
109	578
110	26
110	83
110	199
110	346
111	164
112	92
112	153
112	409
112	462
113	185
113	454
114	20
117	223
117	253
117	315
118	21
118	280
118	606
119	499
120	253
120	340
121	432
122	28
123	223
123	277
123	346
126	30
126	75
126	218
126	258
128	373
128	504
128	611
130	431
132	137
132	263
132	354
132	413
133	17
133	288
133	440
133	580
135	340
135	379
135	414
135	427
135	584
135	661
137	132
137	220
138	22
138	491
139	109
139	503
141	16
141	166
141	174
141	176
142	209
145	163
145	241
145	602
146	153
146	174
147	38
149	539
150	158
151	106
151	154
151	157
151	160
151	170
151	241
151	316
151	341
151	539
152	30
152	161
152	163
152	218
152	228
152	230
152	322
152	333
152	334
152	435
152	450
152	518
153	112
153	146
153	414
154	151
155	8
155	565
156	453
157	151
157	158
157	218
157	508
157	539
158	108
158	150
158	157
158	170
158	175
158	312
158	519
158	577
159	166
159	248
159	453
159	466
160	151
161	30
161	152
163	0
163	62
163	145
163	152
163	170
163	175
163	176
163	239
163	375
163	388
163	412
163	450
163	465
163	518
164	8
164	53
164	111
164	246
164	389
164	445
164	450
164	564
164	577
164	582
164	584
164	589
164	641
165	415
165	584
166	141
166	159
166	317
166	388
167	11
167	52
167	529
168	251
168	335
168	445
168	589
169	445
170	102
170	151
170	158
170	163
170	312
170	384
170	405
170	528
170	540
170	601
171	387
171	389
172	173
173	11
173	172
174	141
174	146
174	447
174	538
175	158
175	163
175	450
175	453
175	506
175	518
176	141
176	163
176	222
176	269
177	233
177	285
177	489
178	241
178	341
178	538
178	561
178	577
178	617
178	661
181	11
181	91
181	187
181	219
181	295
181	521
182	185
182	252
182	394
182	468
182	521
183	291
184	290
185	113
185	182
185	254
187	181
187	251
187	539
187	564
188	19
188	189
188	234
189	188
189	330
190	403
191	86
191	240
191	544
192	564
193	75
193	99
193	213
193	221
193	333
193	336
194	241
194	403
194	405
194	409
194	454
195	203
195	237
195	298
195	509
195	516
195	518
196	395
197	92
197	209
197	301
197	336
198	351
198	626
199	42
199	88
199	110
199	459
199	610
200	552
202	56
202	58
202	266
202	399
202	467
203	0
203	195
203	222
203	322
203	508
204	223
204	241
204	414
204	584
204	661
206	410
207	464
208	240
209	2
209	38
209	142
209	197
209	216
209	248
209	255
209	521
209	527
212	390
213	2
213	75
213	92
213	94
213	96
213	99
213	193
213	216
213	218
213	223
213	230
213	332
213	339
215	19
216	2
216	209
216	213
217	334
217	526
218	11
218	30
218	94
218	105
218	126
218	152
218	157
218	213
218	251
218	270
218	271
218	328
218	333
218	371
218	489
219	91
219	181
219	577
220	137
220	225
220	350
221	57
221	193
221	333
221	394
222	103
222	176
222	203
222	397
223	105
223	117
223	123
223	204
223	213
223	233
223	388
224	315
224	427
224	463
224	661
225	220
226	333
226	516
227	333
228	152
228	333
228	518
228	526
229	376
229	394
230	30
230	152
230	213
231	253
231	347
231	405
231	518
232	11
232	233
232	336
233	91
233	99
233	105
233	177
233	223
233	232
233	322
233	585
234	188
234	276
235	542
237	195
237	269
237	298
237	308
237	384
237	411
237	427
237	462
237	516
237	601
238	239
238	251
238	285
238	364
238	376
238	521
238	526
238	589
239	0
239	32
239	94
239	163
239	238
239	409
239	414
239	498
239	577
239	589
240	191
240	208
240	268
240	269
240	313
240	376
240	384
240	387
240	409
240	489
240	577
241	105
241	145
241	151
241	178
241	194
241	204
241	307
241	371
241	414
241	617
241	661
243	350
243	354
243	355
243	622
244	266
245	246
246	12
246	13
246	29
246	33
246	34
246	35
246	53
246	58
246	65
246	164
246	245
246	257
246	345
246	349
246	467
247	365
247	423
248	99
248	159
248	209
248	265
248	375
248	453
248	495
249	250
249	251
250	90
250	249
250	298
251	19
251	62
251	75
251	91
251	168
251	187
251	218
251	238
251	249
251	292
251	298
251	315
251	329
251	394
251	405
251	409
251	463
251	506
251	508
251	526
251	542
252	99
252	182
253	97
253	117
253	120
253	231
253	311
253	428
254	185
255	75
255	209
255	462
257	246
258	126
258	614
258	623
258	638
260	21
260	345
260	357
260	370
261	425
262	39
262	270
262	300
262	410
262	503
262	557
262	573
263	132
263	354
263	422
263	461
263	553
263	556
263	557
263	594
263	613
263	656
263	662
264	74
265	248
265	419
266	58
266	202
266	244
266	364
266	659
267	343
268	11
268	30
268	86
268	240
268	271
268	337
268	396
268	409
268	417
268	435
268	522
268	526
268	583
268	585
269	0
269	101
269	176
269	237
269	240
269	313
269	411
269	454
270	59
270	218
270	262
270	453
271	7
271	218
271	268
271	306
272	494
273	29
273	103
273	538
274	439
274	596
276	31
276	79
276	234
276	589
277	123
277	324
277	608
278	85
279	376
280	118
283	300
283	365
283	424
283	483
283	557
283	640
285	99
285	177
285	238
285	294
285	364
285	409
287	90
287	403
288	22
288	133
290	91
290	184
290	521
291	183
292	251
293	497
293	602
294	99
294	285
294	320
295	91
295	181
295	376
296	301
296	447
296	493
296	587
296	641
296	659
297	0
297	400
297	445
298	35
298	195
298	237
298	250
298	251
298	458
298	488
298	620
299	349
299	366
299	470
299	567
300	262
300	283
300	423
301	32
301	75
301	197
301	296
301	389
301	661
304	589
305	403
305	445
306	271
306	308
306	506
306	508
307	241
307	521
308	237
308	306
308	411
309	27
309	46
309	326
309	342
309	346
310	536
311	253
311	488
312	102
312	158
312	170
312	382
312	620
313	240
313	269
314	465
314	574
315	117
315	224
315	251
315	320
315	409
316	151
316	381
317	86
317	166
320	62
320	99
320	106
320	294
320	315
320	429
320	517
320	641
322	152
322	203
322	233
322	397
322	516
323	529
323	561
324	277
324	409
325	455
326	309
326	410
328	218
328	337
328	375
329	251
329	450
330	189
331	454
332	213
332	661
333	105
333	152
333	193
333	218
333	221
333	226
333	227
333	228
333	498
334	11
334	152
334	217
334	526
334	561
334	585
335	9
335	32
335	168
335	344
335	388
335	435
335	445
335	447
335	554
335	563
335	584
336	11
336	193
336	197
336	232
337	268
337	328
337	375
337	405
339	103
339	213
339	593
339	648
340	101
340	120
340	135
340	386
340	414
340	420
340	465
340	582
341	151
341	178
342	107
342	309
343	267
344	335
344	641
345	23
345	25
345	33
345	45
345	246
345	260
345	357
346	39
346	110
346	123
346	309
346	347
346	425
347	39
347	231
347	346
347	368
347	596
348	645
349	246
349	299
349	350
350	48
350	220
350	243
350	349
350	351
350	354
350	355
350	441
350	464
350	504
350	557
350	571
350	616
350	625
350	644
350	652
351	198
351	350
351	568
351	573
351	623
351	626
352	37
352	53
352	65
352	87
352	467
353	526
354	132
354	243
354	263
354	350
354	355
354	559
354	596
354	613
354	635
355	85
355	243
355	350
355	354
355	627
356	500
357	260
357	345
357	392
357	472
358	40
361	23
361	56
361	432
361	441
362	614
363	56
363	501
364	238
364	266
364	285
364	415
365	247
365	283
365	654
366	299
366	569
366	573
368	347
368	532
368	636
369	574
370	260
371	218
371	241
373	21
373	56
373	128
373	504
373	556
374	577
375	163
375	248
375	328
375	337
375	565
375	582
376	229
376	238
376	240
376	279
376	295
376	377
376	379
376	381
376	384
376	386
376	389
377	101
377	376
377	593
379	0
379	135
379	376
379	386
379	414
379	429
379	449
379	581
381	11
381	316
381	376
381	389
381	463
382	312
384	76
384	170
384	237
384	240
384	376
384	540
384	601
385	102
385	601
386	0
386	340
386	376
386	379
386	387
386	405
387	171
387	240
387	386
387	488
387	619
387	661
388	33
388	163
388	166
388	223
388	335
388	414
388	445
388	577
388	589
388	641
388	661
389	79
389	164
389	171
389	301
389	376
389	381
389	430
389	463
390	28
390	57
390	212
390	478
390	612
390	638
391	484
392	357
394	92
394	182
394	221
394	229
394	251
394	505
395	196
395	649
396	268
396	528
396	561
396	641
397	222
397	322
397	449
397	563
397	619
398	518
399	14
399	202
399	467
400	297
401	410
403	76
403	190
403	194
403	287
403	305
404	516
404	602
405	170
405	194
405	231
405	251
405	337
405	386
405	563
405	581
405	634
406	411
406	591
409	75
409	112
409	194
409	239
409	240
409	251
409	268
409	285
409	315
409	324
409	468
410	206
410	262
410	326
410	401
410	424
411	237
411	269
411	308
411	406
411	601
412	163
412	415
412	577
412	617
412	633
413	132
413	518
413	636
414	135
414	153
414	204
414	239
414	241
414	340
414	379
414	388
414	661
415	30
415	165
415	364
415	412
415	430
415	467
415	657
416	33
416	494
417	100
417	268
418	29
419	5
419	84
419	265
419	568
420	340
422	263
422	553
422	625
423	247
423	300
423	424
423	610
424	283
424	410
424	423
424	599
424	640
425	261
425	346
425	578
426	30
427	135
427	224
427	237
427	465
427	657
428	253
428	430
428	465
428	574
428	590
428	593
428	636
428	648
429	0
429	30
429	90
429	320
429	379
429	445
429	620
430	389
430	415
430	428
430	490
431	130
431	622
432	58
432	121
432	361
432	596
432	600
432	605
432	625
433	498
433	653
435	152
435	268
435	335
435	445
435	446
435	589
436	629
437	630
439	274
440	133
441	350
441	361
441	571
441	616
441	625
441	635
441	644
441	655
442	84
442	623
445	0
445	14
445	30
445	164
445	168
445	169
445	297
445	305
445	335
445	388
445	429
445	435
445	446
445	447
445	449
445	563
445	589
445	601
446	435
446	445
447	51
447	76
447	103
447	174
447	296
447	335
447	445
447	495
447	544
447	584
448	56
448	485
448	514
449	0
449	30
449	379
449	397
449	445
449	487
449	488
449	554
450	152
450	163
450	164
450	175
450	329
450	519
451	517
451	561
452	11
453	105
453	156
453	159
453	175
453	248
453	270
453	592
454	99
454	101
454	113
454	194
454	269
454	331
454	487
454	489
455	325
455	458
457	611
457	614
458	298
458	455
458	550
458	553
458	599
459	199
459	460
460	459
461	263
462	112
462	237
462	255
463	224
463	251
463	381
463	389
464	207
464	350
464	473
464	578
464	614
465	100
465	163
465	314
465	340
465	427
465	428
465	490
465	518
465	532
465	575
465	633
465	651
466	159
467	5
467	10
467	34
467	103
467	202
467	246
467	352
467	399
467	415
467	477
467	493
467	658
467	659
468	182
468	409
470	48
470	85
470	299
472	5
472	29
472	357
473	23
473	464
474	27
475	64
475	87
476	57
477	35
477	467
477	552
478	390
478	612
480	74
482	42
483	283
483	627
484	391
485	448
486	53
486	57
487	449
487	454
488	298
488	311
488	387
488	449
489	177
489	218
489	240
489	454
490	101
490	430
490	465
490	529
490	593
490	648
490	657
490	661
491	138
492	635
493	34
493	37
493	54
493	103
493	296
493	467
493	538
493	658
494	272
494	416
494	499
494	578
495	90
495	248
495	447
495	641
497	293
497	602
498	102
498	239
498	333
498	433
498	617
499	119
499	494
500	356
501	363
503	139
503	262
504	128
504	350
504	373
504	613
504	623
504	662
505	394
506	0
506	175
506	251
506	306
506	519
506	525
508	30
508	157
508	203
508	251
508	306
508	561
509	195
513	618
514	448
515	69
515	579
516	30
516	195
516	226
516	237
516	322
516	404
517	320
517	451
518	106
518	152
518	163
518	175
518	195
518	228
518	231
518	398
518	413
518	465
518	617
519	158
519	450
519	506
520	538
521	61
521	181
521	182
521	209
521	238
521	290
521	307
521	522
522	268
522	521
522	526
525	506
526	79
526	217
526	228
526	238
526	251
526	268
526	334
526	353
526	522
527	72
527	209
528	170
528	396
528	544
528	583
529	167
529	323
529	490
531	532
532	368
532	465
532	531
532	575
532	636
533	82
533	623
534	39
534	560
536	310
538	103
538	174
538	178
538	273
538	493
538	520
538	587
538	661
539	149
539	151
539	157
539	187
540	76
540	86
540	170
540	384
540	601
542	235
542	251
543	11
543	68
544	101
544	102
544	191
544	447
544	528
545	640
546	87
548	560
549	579
550	458
550	553
550	560
550	595
552	200
552	477
553	263
553	422
553	458
553	550
553	596
553	625
554	335
554	449
554	563
554	589
556	263
556	373
556	613
556	639
556	662
557	262
557	263
557	283
557	350
558	559
559	354
559	558
560	82
560	534
560	548
560	550
560	568
561	178
561	323
561	334
561	396
561	451
561	508
561	585
563	30
563	51
563	335
563	397
563	405
563	445
563	554
563	565
563	584
563	589
563	661
564	11
564	164
564	187
564	192
564	641
565	155
565	375
565	563
567	299
568	84
568	351
568	419
568	560
569	366
571	350
571	441
571	625
571	626
573	262
573	351
573	366
574	314
574	369
574	428
574	593
574	638
575	465
575	532
575	590
575	648
576	596
577	158
577	164
577	178
577	219
577	239
577	240
577	374
577	388
577	412
577	582
577	584
578	109
578	425
578	464
578	494
578	625
579	515
579	549
579	640
579	647
580	133
581	11
581	379
581	405
582	61
582	164
582	340
582	375
582	577
582	641
583	268
583	528
583	604
584	135
584	164
584	165
584	204
584	335
584	447
584	563
584	577
584	589
584	641
585	233
585	268
585	334
585	561
586	92
587	103
587	296
587	538
588	635
588	644
589	164
589	168
589	238
589	239
589	276
589	304
589	388
589	435
589	445
589	554
589	563
589	584
590	428
590	575
591	406
592	453
592	657
593	339
593	377
593	428
593	490
593	574
593	648
594	74
594	263
595	550
595	647
596	274
596	347
596	354
596	432
596	553
596	576
596	630
597	630
599	424
599	458
599	640
600	432
601	170
601	237
601	384
601	385
601	411
601	445
601	540
602	145
602	293
602	404
602	497
604	583
605	432
606	118
608	277
609	623
609	655
610	199
610	423
611	128
611	457
612	390
612	478
613	263
613	354
613	504
613	556
613	625
613	656
613	662
614	5
614	258
614	362
614	457
614	464
616	350
616	441
617	178
617	241
617	412
617	498
617	518
617	633
618	513
618	646
619	387
619	397
620	0
620	298
620	312
620	429
620	657
622	243
622	431
623	258
623	351
623	442
623	504
623	533
623	609
623	636
625	80
625	350
625	422
625	432
625	441
625	553
625	571
625	578
625	613
625	626
625	656
626	198
626	351
626	571
626	625
626	627
627	355
627	483
627	626
629	436
630	437
630	596
630	597
630	638
632	647
633	412
633	465
633	617
634	405
635	354
635	441
635	492
635	588
635	644
636	368
636	413
636	428
636	532
636	623
637	84
638	258
638	390
638	574
638	630
639	556
640	283
640	424
640	545
640	579
640	599
641	164
641	296
641	320
641	344
641	388
641	396
641	495
641	564
641	582
641	584
642	42
644	350
644	441
644	588
644	635
645	348
646	29
646	618
647	579
647	595
647	632
647	649
648	0
648	339
648	428
648	490
648	575
648	593
649	395
649	647
651	465
652	350
653	433
654	365
655	441
655	609
656	263
656	613
656	625
657	0
657	37
657	101
657	415
657	427
657	490
657	592
657	620
658	467
658	493
659	15
659	34
659	54
659	266
659	296
659	467
661	103
661	135
661	178
661	204
661	224
661	241
661	301
661	332
661	387
661	388
661	414
661	490
661	538
661	563
662	263
662	504
662	556
662	613
